00.0000 00.0000 22.0000 08.4853 08.4853 000.000
00.0000 01.0000 21.0000 08.4853 08.4853 000.000
00.0000 02.0000 20.0000 08.4853 08.4853 000.000
00.0000 03.0000 19.0000 08.4853 08.4853 000.000
00.0000 04.0000 18.0000 08.4853 08.4853 000.000
00.0000 05.0000 17.0000 24.0416 08.4853 000.000
00.0000 06.0000 16.0000 22.6274 08.4853 000.000
00.0000 07.0000 15.0000 21.2132 08.4853 000.000
00.0000 08.0000 14.0000 19.7990 08.4853 000.000
00.0000 09.0000 13.0000 18.3848 08.4853 000.000
00.0000 10.0000 12.0000 16.9706 08.4853 040.000
00.0000 10.7660 11.5011 20.8353 11.1280 040.000
00.1641 11.5143 11.5458 31.8026 11.1769 040.000
00.4848 12.2100 12.2773 29.7968 09.8834 030.000
01.0074 12.9006 13.2706 29.0056 09.1035 030.000
01.6378 13.4944 15.3317 17.8258 08.6739 030.000
02.3583 13.9748 30.2814 11.1427 08.5903 030.000
03.1488 14.3285 27.7355 08.5301 08.9029 000.000
04.1169 14.5790 26.7355 09.0238 08.6122 000.000
05.0851 14.8295 25.7355 09.5174 08.3215 000.000
06.0532 15.0800 24.7355 10.0111 08.0308 000.000
07.0213 15.3305 23.7355 10.5048 07.7400 000.000
07.9894 15.5810 22.7355 10.9984 07.4493 000.000
08.9575 15.8315 21.7355 11.4921 07.1586 000.000
09.9256 16.0820 20.7355 11.9857 06.8679 000.000
10.8938 16.3325 19.7355 12.4794 06.5772 000.000
11.8619 16.5830 18.7355 12.9730 06.2865 000.000
12.8300 16.8335 17.7355 13.4667 05.9958 000.000
13.7981 17.0840 16.7355 13.9603 05.7051 000.000
14.7662 17.3344 15.7355 14.4540 05.4144 000.000
15.7344 17.5849 14.7355 14.9476 28.1133 000.000
16.7025 17.8354 13.7355 15.4319 26.2054 000.000
17.6706 18.0859 12.7355 14.3084 24.2976 000.000
18.6387 18.3364 11.7355 13.1849 22.3897 000.000
19.6068 18.5869 10.7355 12.0614 20.4818 000.000
20.5749 18.8374 09.7355 10.9379 18.5740 -40.000
21.3166 19.0293 09.7352 09.1366 27.9191 -40.000
21.9998 19.3757 10.3311 08.0406 30.7791 -30.000
22.6705 19.9236 11.1376 07.3461 30.1443 -20.000
23.2889 20.6311 11.8162 06.8230 29.3208 -20.000
23.8226 21.4046 13.1316 06.4575 19.9855 -20.000
24.2646 22.2338 15.6383 06.2533 15.7205 -20.000
24.6093 23.1080 20.8702 06.2266 13.2062 -20.000
24.8520 24.0158 26.2675 06.4105 11.4985 -10.000
24.9962 24.9900 25.1096 06.5220 10.9079 -10.000
25.0839 25.9709 24.0408 06.7455 10.3456 000.000
25.1150 26.9704 23.0408 06.7027 10.3911 000.000
25.1462 27.9699 22.0408 06.6600 10.4366 000.000
25.1774 28.9694 21.0408 06.6172 10.4822 000.000
25.2085 29.9690 20.0408 06.5744 10.5277 000.000
25.2397 30.9685 19.0408 06.5316 10.5732 000.000
25.2709 31.9680 18.0408 06.4889 10.6187 000.000
25.3021 32.9675 17.0408 06.4461 10.6643 000.000
25.3332 33.9670 16.0408 06.4033 10.7098 000.000
25.3644 34.9665 15.0408 06.3606 10.7553 000.000
25.3956 35.9660 14.0408 06.3178 10.8008 000.000
25.4267 36.9656 13.0408 06.2750 10.8463 000.000
25.4579 37.9651 12.0408 06.2323 10.8919 000.000
00.0000 00.0000 22.0000 08.4853 08.4853 000.000
00.0000 01.0000 21.0000 08.4853 08.4853 000.000
00.0000 02.0000 20.0000 08.4853 08.4853 000.000
00.0000 03.0000 19.0000 08.4853 08.4853 000.000
00.0000 04.0000 18.0000 08.4853 08.4853 000.000
00.0000 05.0000 17.0000 24.0416 08.4853 000.000
00.0000 06.0000 16.0000 22.6274 08.4853 000.000
00.0000 07.0000 15.0000 21.2132 08.4853 000.000
00.0000 08.0000 14.0000 19.7990 08.4853 000.000
00.0000 09.0000 13.0000 18.3848 08.4853 000.000
00.0000 10.0000 12.0000 16.9706 08.4853 040.000
00.0000 10.7660 11.5011 20.8353 11.1280 040.000
00.1641 11.5143 11.5458 31.8026 11.1769 040.000
00.4848 12.2100 12.2773 29.7968 09.8834 030.000
01.0074 12.9006 13.2706 29.0056 09.1035 030.000
01.6378 13.4944 15.3317 17.8258 08.6739 030.000
02.3583 13.9748 30.2814 11.1427 08.5903 030.000
03.1488 14.3285 27.7355 08.5301 08.9029 000.000
04.1169 14.5790 26.7355 09.0238 08.6122 000.000
05.0851 14.8295 25.7355 09.5174 08.3215 000.000
06.0532 15.0800 24.7355 10.0111 08.0308 000.000
07.0213 15.3305 23.7355 10.5048 07.7400 000.000
07.9894 15.5810 22.7355 10.9984 07.4493 000.000
08.9575 15.8315 21.7355 11.4921 07.1586 000.000
09.9256 16.0820 20.7355 11.9857 06.8679 000.000
10.8938 16.3325 19.7355 12.4794 06.5772 000.000
11.8619 16.5830 18.7355 12.9730 06.2865 000.000
12.8300 16.8335 17.7355 13.4667 05.9958 000.000
13.7981 17.0840 16.7355 13.9603 05.7051 000.000
14.7662 17.3344 15.7355 14.4540 05.4144 000.000
15.7344 17.5849 14.7355 14.9476 28.1133 000.000
16.7025 17.8354 13.7355 15.4319 26.2054 000.000
17.6706 18.0859 12.7355 14.3084 24.2976 000.000
18.6387 18.3364 11.7355 13.1849 22.3897 000.000
19.6068 18.5869 10.7355 12.0614 20.4818 000.000
20.5749 18.8374 09.7355 10.9379 18.5740 -40.000
21.3166 19.0293 09.7352 09.1366 27.9191 -40.000
21.9998 19.3757 10.3311 08.0406 30.7791 -30.000
22.6705 19.9236 11.1376 07.3461 30.1443 -20.000
23.2889 20.6311 11.8162 06.8230 29.3208 -20.000
23.8226 21.4046 13.1316 06.4575 19.9855 -20.000
24.2646 22.2338 15.6383 06.2533 15.7205 -20.000
24.6093 23.1080 20.8702 06.2266 13.2062 -20.000
24.8520 24.0158 26.2675 06.4105 11.4985 -10.000
24.9962 24.9900 25.1096 06.5220 10.9079 -10.000
25.0839 25.9709 24.0408 06.7455 10.3456 000.000
25.1150 26.9704 23.0408 06.7027 10.3911 000.000
25.1462 27.9699 22.0408 06.6600 10.4366 000.000
25.1774 28.9694 21.0408 06.6172 10.4822 000.000
25.2085 29.9690 20.0408 06.5744 10.5277 000.000
25.2397 30.9685 19.0408 06.5316 10.5732 000.000
25.2709 31.9680 18.0408 06.4889 10.6187 000.000
25.3021 32.9675 17.0408 06.4461 10.6643 000.000
25.3332 33.9670 16.0408 06.4033 10.7098 000.000
25.3644 34.9665 15.0408 06.3606 10.7553 000.000
25.3956 35.9660 14.0408 06.3178 10.8008 000.000
25.4267 36.9656 13.0408 06.2750 10.8463 000.000
25.4579 37.9651 12.0408 06.2323 10.8919 000.000
00.0000 00.0000 22.0000 08.4853 08.4853 000.000
00.0000 01.0000 21.0000 08.4853 08.4853 000.000
00.0000 02.0000 20.0000 08.4853 08.4853 000.000
00.0000 03.0000 19.0000 08.4853 08.4853 000.000
00.0000 04.0000 18.0000 08.4853 08.4853 000.000
00.0000 05.0000 17.0000 24.0416 08.4853 000.000
00.0000 06.0000 16.0000 22.6274 08.4853 000.000
00.0000 07.0000 15.0000 21.2132 08.4853 000.000
00.0000 08.0000 14.0000 19.7990 08.4853 000.000
00.0000 09.0000 13.0000 18.3848 08.4853 000.000
00.0000 10.0000 12.0000 16.9706 08.4853 040.000
00.0000 10.7660 11.5011 20.8353 11.1280 040.000
00.1641 11.5143 11.5458 31.8026 11.1769 040.000
00.4848 12.2100 12.2773 29.7968 09.8834 030.000
01.0074 12.9006 13.2706 29.0056 09.1035 030.000
01.6378 13.4944 15.3317 17.8258 08.6739 030.000
02.3583 13.9748 30.2814 11.1427 08.5903 030.000
03.1488 14.3285 27.7355 08.5301 08.9029 020.000
04.0586 14.5639 26.1939 07.5766 09.3159 020.000
04.9892 14.6940 25.0184 06.8085 10.0864 010.000
05.9737 14.7183 24.0396 06.4616 10.6578 000.000
06.9732 14.6851 23.0396 06.4161 10.7065 000.000
07.9726 14.6519 22.0396 06.3706 10.7551 000.000
08.9720 14.6186 21.0396 06.3251 10.8037 000.000
09.9715 14.5854 20.0396 06.2796 10.8524 000.000
10.9709 14.5522 19.0396 06.2341 26.0597 000.000
11.9704 14.5190 18.0396 06.1886 24.6910 000.000
12.9698 14.4857 17.0396 06.1431 23.3223 000.000
13.9693 14.4525 16.0396 06.0976 21.9536 000.000
14.9687 14.4193 15.0396 06.0521 20.5848 000.000
15.9682 14.3861 14.0396 06.0066 19.2161 000.000
16.9676 14.3528 13.0396 05.9611 17.8474 000.000
17.9671 14.3196 12.0396 05.9156 16.4787 000.000
18.9665 14.2864 11.0396 05.8701 15.1100 -40.000
19.7321 14.2609 10.4416 07.5167 18.1135 -40.000
20.4854 14.4001 10.3241 10.2734 25.2251 -30.000
21.2836 14.7363 10.3275 08.9303 36.1291 -30.000
22.0145 15.2008 10.7504 07.9963 34.8461 -30.000
22.6578 15.7806 11.8263 07.3915 34.4493 -30.000
23.1954 16.4595 14.1321 07.0865 18.6035 -20.000
23.6479 17.2831 16.7851 06.8886 14.5970 -20.000
24.0035 18.1529 22.1729 06.8768 12.2639 -20.000
24.2576 19.0576 31.3407 07.0850 10.6832 -10.000
24.4142 20.0298 30.1258 07.2054 10.1541 -10.000
24.5141 21.0096 29.0182 07.4398 09.6435 -10.000
24.5572 21.9934 28.0094 07.8085 09.1448 -10.000
24.5433 22.9781 27.0922 08.3390 08.6530 000.000
24.4713 23.9755 26.0922 08.4491 08.5578 000.000
24.3993 24.9729 25.0922 08.5591 08.4626 000.000
24.3273 25.9704 24.0922 08.6691 08.3674 000.000
24.2553 26.9678 23.0922 08.7792 08.2721 000.000
24.1833 27.9652 22.0922 08.8892 08.1769 000.000
24.1113 28.9626 21.0922 08.9992 08.0817 000.000
24.0393 29.9600 20.0922 09.1093 07.9865 000.000
23.9673 30.9574 19.0922 09.2193 07.8913 000.000
23.8953 31.9548 18.0922 09.3293 07.7961 000.000
23.8233 32.9522 17.0922 09.4394 07.7009 000.000
23.7513 33.9496 16.0922 09.5494 07.6056 000.000
23.6793 34.9470 15.0922 09.6594 07.5104 000.000
23.6073 35.9444 14.0922 09.7695 07.4152 000.000
23.5353 36.9418 13.0922 09.8795 07.3200 000.000
23.4633 37.9392 12.0922 09.9895 07.2248 000.000
00.0000 00.0000 22.0000 08.4853 08.4853 000.000
00.0000 01.0000 21.0000 08.4853 08.4853 000.000
00.0000 02.0000 20.0000 08.4853 08.4853 000.000
00.0000 03.0000 19.0000 08.4853 08.4853 000.000
00.0000 04.0000 18.0000 08.4853 08.4853 000.000
00.0000 05.0000 17.0000 24.0416 08.4853 000.000
00.0000 06.0000 16.0000 22.6274 08.4853 014.634
00.0000 06.9676 15.0860 23.3045 09.3017 014.605
00.0815 07.9318 14.2702 36.6802 10.5119 014.597
00.2438 08.8858 13.5439 34.5450 12.2917 014.634
00.4855 09.8227 12.9026 32.7540 13.5139 014.634
00.8054 10.7359 12.3430 31.2438 12.0548 014.634
01.2010 11.6188 11.8653 29.9649 10.8014 014.634
01.6695 12.4654 11.4733 28.8809 09.7199 016.515
02.2028 13.2621 11.2807 27.9386 08.7823 020.143
02.7966 13.9893 11.4953 27.2062 08.0115 021.251
03.4650 14.6388 12.1651 26.7804 07.4293 019.995
04.2132 15.2074 13.3078 21.0710 07.0100 014.634
05.0452 15.7013 27.7320 17.3892 06.6672 014.601
05.9160 16.1234 25.8045 15.0791 06.4307 014.294
06.8204 16.4713 24.1527 13.4843 06.3018 014.037
07.7515 16.7439 22.7192 12.2779 06.2899 013.872
08.7022 16.9405 21.4623 11.2983 06.4119 013.776
09.6660 17.0605 20.3541 10.4601 06.6946 013.769
10.6363 17.1037 19.3755 09.7124 07.1799 013.886
11.6065 17.0697 18.5160 09.0220 07.9361 014.223
12.5694 16.9584 17.7746 08.3649 20.9537 014.681
13.5181 16.7691 17.1579 07.7292 18.8199 -14.495
14.4481 16.5000 15.8622 07.8083 18.6822 -14.338
15.3980 16.3093 14.6999 08.0490 18.6282 -14.312
16.3605 16.1977 13.6469 08.4896 18.6834 -14.277
17.3291 16.1657 12.6863 09.1836 18.8728 -14.230
18.2972 16.2135 11.8045 10.2128 19.2353 -14.166
19.2585 16.3405 10.9899 11.7063 19.8318 -17.179
20.1923 16.5425 10.3041 11.0217 21.4970 -23.092
21.0678 16.8245 09.8853 09.4835 26.5851 -23.896
21.8939 17.2162 09.6794 08.2832 33.5004 -24.732
22.6546 17.7126 09.7542 07.3621 32.3606 -25.146
23.3363 18.3082 10.2163 06.6824 31.7807 -24.992
23.9275 18.9952 11.2659 06.2172 27.6404 -24.070
24.4196 19.7643 13.3025 05.9460 18.5942 -21.323
24.8104 20.6099 16.9385 05.8327 14.9201 -14.634
25.1068 21.5309 21.7354 05.7693 13.4150 -14.090
25.3252 22.4759 27.8194 05.8264 12.2731 -13.919
25.4662 23.4363 26.6209 06.0296 11.3252 -13.809
25.5299 24.4053 25.5973 06.4127 10.5020 -13.758
25.5162 25.3765 24.7314 07.0274 09.7613 -13.838
25.4256 26.3432 24.0163 07.9606 09.0731 -14.165
25.2584 27.2983 23.4598 09.3715 08.4150 -14.677
25.0145 28.2344 21.0657 11.5592 07.7748 014.703
24.6924 29.1465 21.5490 10.4875 07.7595 014.634
24.4486 30.0828 20.2100 09.6224 07.8950 014.634
24.2845 31.0363 19.0342 08.8797 08.2117 014.634
24.2013 32.0003 17.9997 08.2155 08.7541 014.634
24.1995 32.9679 17.0903 07.6025 09.5904 000.000
24.2819 33.9645 16.0903 07.4944 09.7179 000.000
24.3643 34.9611 15.0903 07.3864 09.8454 000.000
24.4467 35.9577 14.0903 07.2784 09.9729 000.000
24.5292 36.9543 13.0903 07.1704 10.1004 000.000
00.0000 00.0000 22.0000 08.4853 08.4853 000.000
00.0000 01.0000 21.0000 08.4853 08.4853 000.000
00.0000 02.0000 20.0000 08.4853 08.4853 000.000
00.0000 03.0000 19.0000 08.4853 08.4853 000.000
00.0000 04.0000 18.0000 08.4853 08.4853 000.000
00.0000 05.0000 17.0000 24.0416 08.4853 000.000
00.0000 06.0000 16.0000 22.6274 08.4853 000.000
00.0000 07.0000 15.0000 21.2132 08.4853 000.000
00.0000 08.0000 14.0000 19.7990 08.4853 000.000
00.0000 09.0000 13.0000 18.3848 08.4853 000.000
00.0000 10.0000 12.0000 16.9706 08.4853 040.000
00.0000 10.7660 11.5011 20.8353 11.1280 040.000
00.1641 11.5143 11.5458 31.8026 11.1769 040.000
00.4848 12.2100 12.2773 29.7968 09.8834 040.000
00.9470 12.8209 14.1306 29.1424 09.2074 040.000
01.5295 13.3185 18.4084 11.4408 09.0715 040.000
02.2050 13.6797 28.8816 07.5347 09.5346 040.000
02.9422 13.8879 27.1054 05.8552 10.8490 000.000
03.9404 13.9471 26.1054 05.9444 10.7698 000.000
04.9387 14.0063 25.1054 06.0336 10.6906 000.000
05.9369 14.0655 24.1054 06.1227 10.6114 000.000
06.9352 14.1247 23.1054 06.2119 10.5323 000.000
07.9334 14.1839 22.1054 06.3010 10.4531 000.000
08.9317 14.2431 21.1054 06.3902 10.3739 000.000
09.9299 14.3023 20.1054 06.4794 10.2947 000.000
10.9281 14.3615 19.1054 06.5685 10.2155 000.000
11.9264 14.4207 18.1054 06.6577 27.2192 000.000
12.9246 14.4799 17.1054 06.7469 25.7158 000.000
13.9229 14.5391 16.1054 06.8360 24.2124 000.000
14.9211 14.5983 15.1054 06.9252 22.7090 000.000
15.9194 14.6575 14.1054 07.0144 21.2057 000.000
16.9176 14.7168 13.1054 07.1035 19.7023 000.000
17.9159 14.7760 12.1054 07.1927 18.1989 000.000
18.9141 14.8352 11.1054 07.2818 16.6955 -40.000
19.6788 14.8805 10.7247 09.9934 21.1339 -40.000
20.4160 15.0887 10.8685 10.0145 33.0417 -40.000
21.0915 15.4499 11.7173 08.9359 34.6564 -40.000
21.6740 15.9475 13.7976 08.4055 26.7870 -40.000
22.1362 16.5584 18.7871 08.3821 11.9473 -40.000
22.4569 17.2541 33.5245 08.9566 08.2660 -40.000
22.6210 18.0024 31.9976 10.4355 06.5351 000.000
22.6210 19.0024 30.9976 10.4355 06.5351 000.000
22.6210 20.0024 29.9976 10.4355 06.5351 000.000
22.6210 21.0024 28.9976 10.4355 06.5351 000.000
22.6210 22.0024 27.9976 10.4355 06.5351 000.000
22.6210 23.0024 26.9976 10.4355 06.5351 000.000
22.6210 24.0024 25.9976 10.4355 06.5351 000.000
22.6210 25.0024 24.9976 10.4355 06.5351 000.000
22.6210 26.0024 23.9976 10.4355 06.5351 000.000
22.6210 27.0024 22.9976 10.4355 06.5351 000.000
22.6210 28.0024 21.9976 10.4355 06.5351 000.000
22.6210 29.0024 20.9976 10.4355 06.5351 000.000
22.6210 30.0024 19.9976 10.4355 06.5351 000.000
22.6210 31.0024 18.9976 10.4355 06.5351 000.000
22.6210 32.0024 17.9976 10.4355 06.5351 000.000
22.6210 33.0024 16.9976 10.4355 06.5351 000.000
22.6210 34.0024 15.9976 10.4355 06.5351 000.000
22.6210 35.0024 14.9976 10.4355 06.5351 000.000
22.6210 36.0024 13.9976 10.4355 06.5351 000.000
22.6210 37.0024 12.9976 10.4355 06.5351 000.000
00.0000 00.0000 22.0000 08.4853 08.4853 -00.564
00.0000 01.0000 21.0002 08.5133 08.4576 004.538
-0.0033 01.9968 20.0085 08.3004 08.6835 -06.582
00.0197 02.9900 19.0122 08.5883 08.3872 007.162
00.0047 03.9820 18.0243 08.2631 08.7257 -08.040
00.0308 04.9719 17.0316 23.6096 08.3618 010.108
00.0110 05.9561 16.0557 23.6120 08.8464 017.713
00.0475 06.9080 15.2410 37.4958 10.0529 019.477
00.1790 07.8416 14.6176 34.6461 12.1381 015.937
00.4181 08.7730 14.0450 32.7337 14.6363 013.871
00.7446 09.6873 13.5026 31.2880 13.1682 015.615
01.1399 10.5655 13.1224 29.9666 11.8729 017.626
01.6075 11.3959 12.9729 28.8152 10.7619 019.213
02.1515 12.1678 13.1222 27.9014 09.8509 020.290
02.7726 12.8706 13.6728 27.2675 09.1429 020.794
03.4686 13.4948 14.7936 20.3154 08.6339 017.694
04.2481 14.0425 29.5238 14.9202 08.2667 006.803
05.1142 14.5282 27.9342 14.6665 07.8556 -07.781
05.9968 14.9782 27.6067 18.7500 07.2832 020.969
06.8087 15.4395 25.1481 14.3667 07.0882 008.951
07.7197 15.8215 23.6772 13.6620 06.8295 009.749
08.6471 16.1550 22.2750 12.9174 06.6482 010.054
09.5910 16.4354 20.9635 12.2150 06.5469 010.372
10.5486 16.6602 19.7375 11.5447 06.5374 010.653
11.5171 16.8269 18.5928 10.9031 06.6347 024.071
12.4248 16.9260 17.5819 09.5356 07.3820 -16.444
13.3835 16.8996 16.6538 10.4819 06.7752 013.017
14.3556 16.9647 15.6449 09.7696 21.9448 -15.918
15.3173 16.9568 14.7339 10.7724 22.7356 -14.307
16.2829 17.0375 13.9078 12.1186 23.6209 -13.128
17.2434 17.1982 13.1381 13.9117 24.6543 -13.537
18.1874 17.4308 12.4430 13.2207 26.3044 -16.121
19.0994 17.7327 11.8979 11.7057 29.9098 -19.142
19.9649 18.1113 11.5761 10.3939 33.0289 -22.296
20.7670 18.5725 11.5865 09.3200 31.7235 -23.824
21.4960 19.1252 12.0066 08.5040 30.8749 -24.669
22.1396 19.7667 13.0315 07.9357 30.1113 -24.763
22.6873 20.4909 15.0494 07.6046 17.0806 -18.146
23.1491 21.3215 17.4522 07.3831 13.8131 -14.487
23.5292 22.2120 20.5753 07.2412 12.3186 -11.564
23.8373 23.1420 24.6152 07.1525 11.5008 -08.866
24.0846 24.0986 26.4372 07.0893 11.0399 -07.065
24.2834 25.0708 25.2543 07.0479 10.7427 -07.453
24.4420 26.0496 24.1164 07.0797 10.4000 -07.717
24.5581 27.0338 23.0269 07.1931 10.0285 -07.936
24.6299 28.0216 21.9862 07.4004 09.6356 -08.093
24.6562 29.0113 20.9931 07.7159 09.2274 -08.168
24.6361 30.0009 20.0451 08.1566 08.8088 -08.141
24.5691 30.9886 19.1378 08.7409 08.3837 -07.986
24.4555 31.9723 18.2647 09.4880 07.9551 -00.109
24.2949 32.9593 17.2665 09.7715 07.7537 000.015
24.1337 33.9463 16.2663 10.0464 07.5556 009.406
23.9747 34.9199 15.1674 09.6054 07.6717 -10.250
23.8693 35.8983 14.2999 10.5706 07.2048 001.178
00.0000 00.0000 22.0000 08.4853 08.4853 -00.000
00.0000 01.0000 21.0000 08.4853 08.4853 -00.000
00.0000 02.0000 20.0000 08.4853 08.4853 -00.000
00.0000 03.0000 19.0000 08.4853 08.4853 -00.000
00.0000 04.0000 18.0000 08.4853 08.4853 -00.000
00.0000 05.0000 17.0000 24.0416 08.4853 024.890
00.0000 05.9071 16.2536 37.5321 09.9848 040.000
00.1075 06.6656 16.3645 06.4788 14.6923 -13.142
00.4475 07.5781 15.0099 33.7594 13.3372 032.676
00.6808 08.3869 15.2058 30.9244 14.3585 026.506
01.0795 09.1880 15.6431 29.3654 13.0091 -12.821
01.6390 09.9866 13.9818 29.2586 12.3936 026.984
02.0949 10.7523 14.5705 28.0356 11.3003 026.776
02.6624 11.4415 15.8124 26.5909 10.5741 025.627
03.3336 12.0435 32.0168 10.3417 10.1567 000.000
04.1665 12.5970 31.0168 13.1425 09.5922 000.000
04.9994 13.1504 30.0168 15.9433 09.0276 000.000
05.8323 13.7038 29.0168 18.7441 08.4630 000.000
06.6651 14.2573 28.0168 21.5449 07.8985 000.000
07.4980 14.8107 27.0168 22.9546 07.3339 024.993
08.2529 15.3123 24.0956 15.9199 07.0943 014.121
09.1282 15.7299 22.3332 14.0012 06.8719 011.407
10.0443 16.0787 20.8745 12.9746 06.7024 010.036
10.9857 16.3676 19.5739 12.2682 06.5895 009.086
11.9449 16.6021 18.3755 11.7201 06.5331 008.299
12.9172 16.7860 17.2489 11.2648 06.5323 007.572
13.8989 16.9233 16.1740 10.8704 25.2809 006.857
14.8873 17.0174 15.1357 10.5198 22.6556 -19.417
15.8290 17.0694 14.3690 12.1801 24.4160 -19.577
16.7582 17.2252 13.7710 14.8724 27.2571 -19.815
17.6628 17.4835 13.3462 13.3612 32.1336 -30.036
18.4631 17.8137 13.6081 11.8391 33.0293 -33.904
19.1667 18.2538 14.7510 10.8417 31.7708 -33.487
19.7792 18.8199 17.1186 10.3300 12.2657 -03.097
20.3754 19.6209 16.5225 09.7548 14.5863 -07.730
20.9526 20.4264 16.5860 09.2475 14.2689 -08.034
21.4928 21.2563 16.8179 08.7916 13.8446 -08.085
21.9936 22.1103 17.2237 08.3858 13.4297 -08.070
22.4538 22.9869 17.8436 08.0296 13.0335 -08.006
22.8726 23.8843 18.7376 07.7226 12.6566 -07.894
23.2494 24.8003 19.9936 07.4648 12.2984 -07.734
23.5839 25.7330 21.7436 07.2557 11.9578 -07.523
23.8765 26.6803 24.1045 07.0952 11.6339 -07.262
24.1275 27.6400 22.8807 06.9827 11.3256 -06.949
24.3381 28.6100 21.7156 06.9174 11.0322 -06.584
24.5095 29.5886 20.5993 06.8981 10.7529 -06.168
24.6435 30.5737 19.5226 06.9228 10.4871 -05.703
24.7422 31.5638 18.4767 06.9886 10.2345 -05.193
24.8081 32.5576 17.4538 07.0916 09.9947 -04.645
24.8440 33.5536 16.4471 07.2267 09.7676 -04.065
24.8530 34.5511 15.4506 07.3875 09.5532 -03.465
24.8384 35.5491 14.4596 07.5669 09.3518 -02.856
24.8037 36.5473 13.4705 07.7570 09.1637 -02.251
24.7525 37.5452 12.4807 07.9496 08.9892 -01.663
00.0000 00.0000 22.0000 08.4853 08.4853 -00.000
00.0000 01.0000 21.0000 08.4853 08.4853 -00.000
00.0000 02.0000 20.0000 08.4853 08.4853 -00.000
00.0000 03.0000 19.0000 08.4853 08.4853 -00.000
00.0000 04.0000 18.0000 08.4853 08.4853 -00.000
00.0000 05.0000 17.0000 24.0416 08.4853 024.890
00.0000 05.9071 16.2536 37.5321 09.9848 040.000
00.1075 06.6656 16.3645 06.4788 14.6923 -13.142
00.4475 07.5781 15.0099 33.7594 13.3372 032.676
00.6808 08.3869 15.2058 30.9244 14.3585 026.506
01.0795 09.1880 15.6431 29.3654 13.0091 -12.821
01.6390 09.9866 13.9818 29.2586 12.3936 026.984
02.0949 10.7523 14.5705 28.0356 11.3003 026.776
02.6624 11.4415 15.8124 26.5909 10.5741 025.627
03.3336 12.0435 32.0168 10.3417 10.1567 000.000
04.1665 12.5970 31.0168 13.1425 09.5922 000.000
04.9994 13.1504 30.0168 15.9433 09.0276 000.000
05.8323 13.7038 29.0168 18.7441 08.4630 000.000
06.6651 14.2573 28.0168 21.5449 07.8985 000.000
07.4980 14.8107 27.0168 22.9546 07.3339 024.993
08.2529 15.3123 24.0956 15.9199 07.0943 014.121
09.1282 15.7299 22.3332 14.0012 06.8719 011.407
10.0443 16.0787 20.8745 12.9746 06.7024 010.036
10.9857 16.3676 19.5739 12.2682 06.5895 009.086
11.9449 16.6021 18.3755 11.7201 06.5331 008.299
12.9172 16.7860 17.2489 11.2648 06.5323 007.572
13.8989 16.9233 16.1740 10.8704 25.2809 006.857
14.8873 17.0174 15.1357 10.5198 22.6556 -19.417
15.8290 17.0694 14.3690 12.1801 24.4160 -19.577
16.7582 17.2252 13.7710 14.8724 27.2571 -19.815
17.6628 17.4835 13.3462 13.3612 32.1336 -30.036
18.4631 17.8137 13.6081 11.8391 33.0293 -33.904
19.1667 18.2538 14.7510 10.8417 31.7708 -33.487
19.7792 18.8199 17.1186 10.3300 12.2657 -03.097
20.3754 19.6209 16.5225 09.7548 14.5863 -07.730
20.9526 20.4264 16.5860 09.2475 14.2689 -08.034
21.4928 21.2563 16.8179 08.7916 13.8446 -08.085
21.9936 22.1103 17.2237 08.3858 13.4297 -08.070
22.4538 22.9869 17.8436 08.0296 13.0335 -08.006
22.8726 23.8843 18.7376 07.7226 12.6566 -07.894
23.2494 24.8003 19.9936 07.4648 12.2984 -07.734
23.5839 25.7330 21.7436 07.2557 11.9578 -07.523
23.8765 26.6803 24.1045 07.0952 11.6339 -07.262
24.1275 27.6400 22.8807 06.9827 11.3256 -06.949
24.3381 28.6100 21.7156 06.9174 11.0322 -06.584
24.5095 29.5886 20.5993 06.8981 10.7529 -06.168
24.6435 30.5737 19.5226 06.9228 10.4871 -05.703
24.7422 31.5638 18.4767 06.9886 10.2345 -05.193
24.8081 32.5576 17.4538 07.0916 09.9947 -04.645
24.8440 33.5536 16.4471 07.2267 09.7676 -04.065
24.8530 34.5511 15.4506 07.3875 09.5532 -03.465
24.8384 35.5491 14.4596 07.5669 09.3518 -02.856
24.8037 36.5473 13.4705 07.7570 09.1637 -02.251
24.7525 37.5452 12.4807 07.9496 08.9892 -01.663
00.0000 00.0000 22.0000 08.4853 08.4853 -00.000
00.0000 01.0000 21.0000 08.4853 08.4853 -00.000
00.0000 02.0000 20.0000 08.4853 08.4853 000.000
00.0000 03.0000 19.0000 08.4853 08.4853 -00.000
00.0000 04.0000 18.0000 08.4853 08.4853 -00.000
00.0000 05.0000 17.0000 24.0416 08.4853 000.000
00.0000 06.0000 16.0000 22.6274 08.4853 000.000
00.0000 07.0000 15.0000 21.2132 08.4853 000.000
00.0000 08.0000 14.0000 19.7990 08.4853 000.000
00.0000 09.0000 13.0000 18.3848 08.4853 037.799
00.0000 09.7902 12.4729 35.8571 10.9542 036.990
00.1632 10.5721 12.4481 32.0997 12.2946 035.476
00.4861 11.3197 12.9615 30.0154 10.8618 034.838
00.9511 11.9960 14.2702 29.0500 10.0044 035.104
01.5345 12.5695 17.1045 12.8435 09.6251 036.633
02.2040 13.0120 29.9762 07.7044 09.7652 036.633
02.9481 13.3124 27.5139 05.8503 10.5397 009.957
03.9165 13.4921 26.2914 05.6990 10.7658 006.138
04.9029 13.6169 25.1995 05.6467 10.9165 004.358
05.8960 13.7068 24.1548 05.6182 11.0362 003.613
06.8919 13.7715 23.1304 05.5839 11.1584 003.220
07.8893 13.8152 22.1176 05.5365 11.2947 002.837
08.8878 13.8403 21.1130 05.4786 11.4411 002.343
09.8869 13.8490 20.1133 05.4163 28.3033 001.732
10.8865 13.8440 19.1157 05.3561 26.6324 001.059
11.8862 13.8289 18.1179 05.3036 25.0900 000.393
12.8859 13.8077 17.1188 05.2626 23.6535 000.000
13.8856 13.7842 16.1188 05.2302 22.2717 000.000
14.8854 13.7607 15.1188 05.1977 20.8900 000.000
15.8851 13.7372 14.1188 05.1652 19.5083 -00.000
16.8848 13.7137 13.1188 05.1327 18.1266 -00.000
17.8845 13.6902 12.1188 05.1002 16.7448 -00.000
18.8843 13.6667 11.1188 05.0677 15.3631 -00.000
19.8840 13.6431 10.1188 05.0352 13.9814 -37.051
20.6819 13.6244 09.4689 06.3569 16.3433 -36.431
21.4736 13.7674 09.1739 09.2865 21.5180 -35.394
22.2313 14.0682 09.2410 07.9486 36.7269 -34.590
22.9233 14.5140 09.7878 07.0785 35.4951 -34.656
23.5181 15.0823 11.1958 06.5744 33.0110 -35.852
23.9873 15.7432 14.7140 06.4353 16.7983 -39.034
24.3048 16.4522 27.3902 06.7907 11.5764 -39.034
24.4663 17.2119 32.7881 07.8419 09.1261 -02.681
24.4642 18.2109 31.7941 07.9705 08.9848 -00.000
24.4466 19.2107 30.7941 07.9959 08.9603 000.000
24.4290 20.2105 29.7941 08.0213 08.9358 000.000
24.4113 21.2104 28.7941 08.0467 08.9113 000.000
24.3937 22.2102 27.7941 08.0721 08.8868 000.000
24.3761 23.2101 26.7941 08.0975 08.8623 000.032
24.3584 24.2099 25.7940 08.1213 08.8393 000.237
24.3410 25.2098 24.7934 08.1348 08.8268 000.464
24.3249 26.2096 23.7925 08.1353 08.8276 000.635
24.3116 27.2094 22.7916 08.1237 08.8407 000.715
24.3019 28.2093 21.7910 08.1032 08.8634 000.701
24.2964 29.2092 20.7908 08.0778 08.8916 000.605
24.2949 30.2092 19.7909 08.0515 08.9209 000.452
24.2970 31.2091 18.7911 08.0276 08.9475 000.270
24.3017 32.2091 17.7912 08.0085 08.9684 000.086
24.3080 33.2091 16.7913 07.9958 08.9819 000.000
24.3147 34.2091 15.7913 07.9862 08.9915 000.000
24.3215 35.2091 14.7913 07.9767 09.0012 000.000
24.3283 36.2090 13.7913 07.9672 09.0108 000.000
24.3351 37.2090 12.7913 07.9577 09.0205 000.000
00.0000 00.0000 22.0000 08.4853 08.4853 -00.000
00.0000 01.0000 21.0000 08.4853 08.4853 -00.000
00.0000 02.0000 20.0000 08.4853 08.4853 000.000
00.0000 03.0000 19.0000 08.4853 08.4853 -00.000
00.0000 04.0000 18.0000 08.4853 08.4853 -00.000
00.0000 05.0000 17.0000 24.0416 08.4853 000.000
00.0000 06.0000 16.0000 22.6274 08.4853 000.000
00.0000 07.0000 15.0000 21.2132 08.4853 000.000
00.0000 08.0000 14.0000 19.7990 08.4853 000.000
00.0000 09.0000 13.0000 18.3848 08.4853 037.799
00.0000 09.7902 12.4729 35.8571 10.9542 036.990
00.1632 10.5721 12.4481 32.0997 12.2946 035.476
00.4861 11.3197 12.9615 30.0154 10.8618 034.838
00.9511 11.9960 14.2702 29.0500 10.0044 035.104
01.5345 12.5695 17.1045 12.8435 09.6251 036.633
02.2040 13.0120 29.9762 07.7044 09.7652 036.633
02.9481 13.3124 27.5139 05.8503 10.5397 009.957
03.9165 13.4921 26.2914 05.6990 10.7658 006.138
04.9029 13.6169 25.1995 05.6467 10.9165 004.358
05.8960 13.7068 24.1548 05.6182 11.0362 003.613
06.8919 13.7715 23.1304 05.5839 11.1584 003.220
07.8893 13.8152 22.1176 05.5365 11.2947 002.837
08.8878 13.8403 21.1130 05.4786 11.4411 002.343
09.8869 13.8490 20.1133 05.4163 28.3033 001.732
10.8865 13.8440 19.1157 05.3561 26.6324 001.059
11.8862 13.8289 18.1179 05.3036 25.0900 000.393
12.8859 13.8077 17.1188 05.2626 23.6535 000.000
13.8856 13.7842 16.1188 05.2302 22.2717 000.000
14.8854 13.7607 15.1188 05.1977 20.8900 000.000
15.8851 13.7372 14.1188 05.1652 19.5083 -00.000
16.8848 13.7137 13.1188 05.1327 18.1266 -00.000
17.8845 13.6902 12.1188 05.1002 16.7448 -00.000
18.8843 13.6667 11.1188 05.0677 15.3631 -00.000
19.8840 13.6431 10.1188 05.0352 13.9814 -37.051
20.6819 13.6244 09.4689 06.3569 16.3433 -36.431
21.4736 13.7674 09.1739 09.2865 21.5180 -35.394
22.2313 14.0682 09.2410 07.9486 36.7269 -34.590
22.9233 14.5140 09.7878 07.0785 35.4951 -34.656
23.5181 15.0823 11.1958 06.5744 33.0110 -35.852
23.9873 15.7432 14.7140 06.4353 16.7983 -39.034
24.3048 16.4522 27.3902 06.7907 11.5764 -39.034
24.4663 17.2119 32.7881 07.8419 09.1261 -02.681
24.4642 18.2109 31.7941 07.9705 08.9848 -00.000
24.4466 19.2107 30.7941 07.9959 08.9603 000.000
24.4290 20.2105 29.7941 08.0213 08.9358 000.000
24.4113 21.2104 28.7941 08.0467 08.9113 000.000
24.3937 22.2102 27.7941 08.0721 08.8868 000.000
24.3761 23.2101 26.7941 08.0975 08.8623 000.032
24.3584 24.2099 25.7940 08.1213 08.8393 000.237
24.3410 25.2098 24.7934 08.1348 08.8268 000.464
24.3249 26.2096 23.7925 08.1353 08.8276 000.635
24.3116 27.2094 22.7916 08.1237 08.8407 000.715
24.3019 28.2093 21.7910 08.1032 08.8634 000.701
24.2964 29.2092 20.7908 08.0778 08.8916 000.605
24.2949 30.2092 19.7909 08.0515 08.9209 000.452
24.2970 31.2091 18.7911 08.0276 08.9475 000.270
24.3017 32.2091 17.7912 08.0085 08.9684 000.086
24.3080 33.2091 16.7913 07.9958 08.9819 000.000
24.3147 34.2091 15.7913 07.9862 08.9915 000.000
24.3215 35.2091 14.7913 07.9767 09.0012 000.000
24.3283 36.2090 13.7913 07.9672 09.0108 000.000
24.3351 37.2090 12.7913 07.9577 09.0205 000.000
00.0000 00.0000 22.0000 08.4853 08.4853 000.000
00.0000 01.0000 21.0000 08.4853 08.4853 -00.000
00.0000 02.0000 20.0000 08.4853 08.4853 -00.000
-0.0000 03.0000 19.0000 08.4853 08.4853 -00.000
-0.0000 04.0000 18.0000 25.4558 08.4853 -00.000
-0.0000 05.0000 17.0000 24.0416 08.4853 029.231
-0.0000 05.8727 16.3453 36.9105 10.2991 028.475
00.1431 06.7400 16.0928 06.5438 13.7737 -28.184
00.4230 07.5758 14.6229 36.3508 11.0484 026.488
00.5700 08.4587 14.2386 33.0288 14.4738 026.045
00.8477 09.3131 14.1665 30.7552 13.3845 025.961
01.2477 10.1183 14.4715 29.2130 12.0721 026.313
01.7595 10.8543 15.3169 28.2529 11.1506 027.289
02.3690 11.5010 17.0910 12.1455 10.5802 027.827
03.0669 12.0442 30.7791 07.3936 10.3596 -34.830
03.7851 12.4415 14.8937 26.3180 09.5961 026.800
04.4697 13.0144 29.8728 12.7099 09.2495 035.000
05.1697 13.4397 26.4675 08.2186 09.4255 -26.035
06.0127 13.7508 27.3395 13.3410 08.5959 035.000
06.7314 14.1438 24.4179 09.0192 08.8450 001.372
07.6841 14.4469 23.3596 09.5322 08.5392 024.443
08.5537 14.7160 21.7296 08.0745 08.9736 -18.325
09.4907 14.8688 21.2609 09.8207 08.2114 028.046
10.3420 15.1014 19.7760 08.1524 08.8442 -10.041
11.3208 15.2088 18.9441 08.9905 08.3321 009.111
12.2944 15.3734 17.8226 08.6447 08.4593 001.746
13.2874 15.4877 16.8043 08.7175 26.5489 -29.005
14.1572 15.5789 16.4240 11.2559 07.3931 028.566
15.0044 15.8105 15.0815 09.2562 23.8882 -27.017
15.8902 15.9054 14.5957 11.7489 28.0717 -26.457
16.7556 16.1345 14.4275 14.2480 35.9239 -26.263
17.5789 16.4901 14.6225 12.7557 34.4125 -26.487
18.3392 16.9624 15.3116 11.6986 33.1445 -27.283
19.0160 17.5384 16.8053 11.0134 13.9184 -29.006
19.5876 18.2003 19.9212 10.7077 06.8069 032.601
20.0280 18.9185 14.9441 09.9870 31.1283 -26.859
20.6233 19.5830 17.1259 09.5793 12.8246 -29.376
21.1004 20.3122 22.0658 09.5465 08.5681 023.348
21.4707 21.1523 16.3814 08.7762 14.7357 -28.517
21.9282 21.9025 21.3446 08.7547 10.1453 -26.953
22.2653 22.7277 28.0508 09.0686 08.1702 018.283
22.4874 23.6508 22.4697 08.3211 10.4359 -30.574
22.7753 24.4623 25.9137 08.8446 08.2782 006.924
22.9438 25.4406 25.1150 08.4066 09.0952 -09.950
23.1498 26.4037 23.8756 08.4919 08.7137 -01.832
23.3022 27.3915 22.8398 08.3688 08.8435 -05.181
23.4436 28.3774 21.7598 08.3850 08.7324 -03.277
23.5555 29.3694 20.7207 08.3705 08.7055 -03.117
23.6485 30.3636 19.6920 08.3769 08.6633 -02.529
23.7236 31.3598 18.6743 08.3849 08.6316 -02.113
23.7839 32.3573 17.6632 08.3963 08.6040 -01.980
23.8321 33.3555 16.6556 08.4199 08.5675 -01.599
23.8687 34.3545 15.6514 08.4432 08.5362 -01.169
23.8960 35.3539 14.6492 08.4603 08.5150 -00.818
23.9166 36.3536 13.6481 08.4705 08.5026 -00.586
23.9324 37.3534 12.6476 08.4766 08.4955 -00.771
00.0000 00.0000 22.0000 08.4853 08.4853 000.000
00.0000 01.0000 21.0000 08.4853 08.4853 -00.000
00.0000 02.0000 20.0000 08.4853 08.4853 -00.000
-0.0000 03.0000 19.0000 08.4853 08.4853 -00.000
-0.0000 04.0000 18.0000 25.4558 08.4853 -00.000
-0.0000 05.0000 17.0000 24.0416 08.4853 029.231
-0.0000 05.8727 16.3453 36.9105 10.2991 028.475
00.1431 06.7400 16.0928 06.5438 13.7737 -28.184
00.4230 07.5758 14.6229 36.3508 11.0484 026.488
00.5700 08.4587 14.2386 33.0288 14.4738 026.045
00.8477 09.3131 14.1665 30.7552 13.3845 025.961
01.2477 10.1183 14.4715 29.2130 12.0721 026.313
01.7595 10.8543 15.3169 28.2529 11.1506 027.289
02.3690 11.5010 17.0910 12.1455 10.5802 027.827
03.0669 12.0442 30.7791 07.3936 10.3596 -34.830
03.7851 12.4415 14.8937 26.3180 09.5961 026.800
04.4697 13.0144 29.8728 12.7099 09.2495 035.000
05.1697 13.4397 26.4675 08.2186 09.4255 -26.035
06.0127 13.7508 27.3395 13.3410 08.5959 035.000
06.7314 14.1438 24.4179 09.0192 08.8450 001.372
07.6841 14.4469 23.3596 09.5322 08.5392 024.443
08.5537 14.7160 21.7296 08.0745 08.9736 -18.325
09.4907 14.8688 21.2609 09.8207 08.2114 028.046
10.3420 15.1014 19.7760 08.1524 08.8442 -10.041
11.3208 15.2088 18.9441 08.9905 08.3321 009.111
12.2944 15.3734 17.8226 08.6447 08.4593 001.746
13.2874 15.4877 16.8043 08.7175 26.5489 -29.005
14.1572 15.5789 16.4240 11.2559 07.3931 028.566
15.0044 15.8105 15.0815 09.2562 23.8882 -27.017
15.8902 15.9054 14.5957 11.7489 28.0717 -26.457
16.7556 16.1345 14.4275 14.2480 35.9239 -26.263
17.5789 16.4901 14.6225 12.7557 34.4125 -26.487
18.3392 16.9624 15.3116 11.6986 33.1445 -27.283
19.0160 17.5384 16.8053 11.0134 13.9184 -29.006
19.5876 18.2003 19.9212 10.7077 06.8069 032.601
20.0280 18.9185 14.9441 09.9870 31.1283 -26.859
20.6233 19.5830 17.1259 09.5793 12.8246 -29.376
21.1004 20.3122 22.0658 09.5465 08.5681 023.348
21.4707 21.1523 16.3814 08.7762 14.7357 -28.517
21.9282 21.9025 21.3446 08.7547 10.1453 -26.953
22.2653 22.7277 28.0508 09.0686 08.1702 018.283
22.4874 23.6508 22.4697 08.3211 10.4359 -30.574
22.7753 24.4623 25.9137 08.8446 08.2782 006.924
22.9438 25.4406 25.1150 08.4066 09.0952 -09.950
23.1498 26.4037 23.8756 08.4919 08.7137 -01.832
23.3022 27.3915 22.8398 08.3688 08.8435 -05.181
23.4436 28.3774 21.7598 08.3850 08.7324 -03.277
23.5555 29.3694 20.7207 08.3705 08.7055 -03.117
23.6485 30.3636 19.6920 08.3769 08.6633 -02.529
23.7236 31.3598 18.6743 08.3849 08.6316 -02.113
23.7839 32.3573 17.6632 08.3963 08.6040 -01.980
23.8321 33.3555 16.6556 08.4199 08.5675 -01.599
23.8687 34.3545 15.6514 08.4432 08.5362 -01.169
23.8960 35.3539 14.6492 08.4603 08.5150 -00.818
23.9166 36.3536 13.6481 08.4705 08.5026 -00.586
23.9324 37.3534 12.6476 08.4766 08.4955 -00.771
00.0000 00.0000 22.0000 08.4853 08.4853 032.682
00.0000 00.8417 21.5096 07.2919 10.5581 -25.504
00.1625 01.7295 20.2844 07.9666 09.0558 026.926
00.1954 02.6205 19.7289 07.0183 11.0220 -34.631
00.3496 03.4287 18.5713 08.0077 08.9609 031.040
00.3478 04.2855 17.9755 06.9190 11.0058 -35.000
00.4869 05.0928 16.9112 23.4071 08.9807 026.874
00.4675 05.9846 16.1507 37.2647 10.6048 018.277
00.5901 06.9262 15.4970 34.5220 12.5843 011.178
00.8178 07.8804 14.7747 33.0124 14.5825 007.515
01.1097 08.8279 13.9844 31.9753 14.5787 007.493
01.4427 09.7618 13.2102 30.9970 13.2838 009.535
01.8140 10.6754 12.5241 29.9418 12.0301 012.769
02.2305 11.5572 11.9990 28.8167 10.8366 017.218
02.7009 12.3885 11.7577 27.7059 09.7547 022.109
03.2346 13.1459 11.9854 26.7935 08.8634 026.943
03.8354 13.8045 13.0405 26.3118 08.2416 027.515
04.5253 14.3618 15.2401 16.9397 07.9047 027.522
05.2927 14.8063 26.5041 11.9188 07.8612 026.455
06.1273 15.1303 24.4694 09.5953 08.1292 030.398
06.9688 15.3196 23.0622 07.9451 08.9938 030.516
07.8291 15.3642 22.3269 06.8282 10.7248 -34.300
08.6494 15.2668 21.4040 08.0360 08.9149 031.355
09.5013 15.3271 20.6093 06.8607 10.5892 -33.950
10.3263 15.2413 19.7426 08.1186 08.8501 031.342
11.1774 15.3126 18.9002 06.9155 24.5017 -40.000
11.9403 15.2432 18.2023 08.5505 08.5537 031.662
12.7848 15.3496 17.2372 07.2101 23.2024 -40.000
13.5499 15.3109 16.6776 09.1397 28.3098 -32.177
14.3847 15.4502 16.5859 12.7526 07.2448 026.108
15.2302 15.7529 15.0599 10.3585 26.5944 -21.001
16.1457 15.9352 14.5776 13.1295 30.6475 -00.139
17.0961 16.2463 13.5812 13.8397 28.5907 002.960
18.0450 16.5577 12.5137 13.5168 25.6204 001.612
19.0000 16.8531 11.4813 12.4994 23.1631 -03.407
19.9564 17.1390 10.5476 11.2942 21.9596 -11.662
20.8889 17.4381 09.8023 09.9241 22.9839 -24.775
21.7329 17.7731 09.5151 08.5719 31.2815 -31.014
22.4775 18.1974 09.7581 07.5565 31.9462 -35.760
23.1031 18.7142 10.9119 06.9324 31.4466 -40.000
23.5872 19.3079 14.2083 06.7493 17.9168 -40.000
23.9330 19.9915 24.3011 07.0444 11.6750 -35.792
24.1355 20.7769 29.2692 07.8649 09.2079 015.942
24.1894 21.7369 28.5746 07.2313 10.3979 -26.296
24.3215 22.6237 27.3763 08.0339 08.9363 031.461
24.3211 23.4767 26.9322 06.9330 11.0195 -35.000
24.4633 24.2834 25.7207 07.9742 08.9811 030.822
24.4479 25.1420 25.1546 06.8796 10.9195 -34.750
24.5737 25.9540 24.0629 07.9781 08.9673 030.780
24.5416 26.8125 23.3972 06.8640 10.7890 -34.450
24.6517 27.6297 22.4050 08.0229 08.9238 031.426
24.6042 28.4817 21.6714 06.8646 10.6832 -34.200
24.7024 29.3030 20.7471 08.0721 08.8830 031.596
24.6432 30.1527 19.9594 06.8856 10.5733 -33.900
24.7311 30.9780 19.0845 08.1362 08.8336 031.736
24.6623 31.8257 18.2571 06.9216 10.4649 -33.650
24.7415 32.6544 17.4169 08.2125 08.7766 031.863
24.6647 33.5002 16.5615 06.9699 10.3576 -33.350
24.7368 34.3324 15.7430 08.2937 08.7169 032.021
24.6539 35.1762 14.8711 07.0232 10.2603 -32.497
24.7211 36.0170 14.0536 08.3426 08.6797 031.597
24.6358 36.8644 13.1729 07.0741 10.1787 -30.610
00.0000 00.0000 22.0000 08.4853 08.4853 032.682
00.0000 00.8417 21.5096 07.2919 10.5581 -25.504
00.1625 01.7295 20.2844 07.9666 09.0558 026.926
00.1954 02.6205 19.7289 07.0183 11.0220 -34.631
00.3496 03.4287 18.5713 08.0077 08.9609 031.040
00.3478 04.2855 17.9755 06.9190 11.0058 -35.000
00.4869 05.0928 16.9112 23.4071 08.9807 026.874
00.4675 05.9846 16.1507 37.2647 10.6048 018.277
00.5901 06.9262 15.4970 34.5220 12.5843 011.178
00.8178 07.8804 14.7747 33.0124 14.5825 007.515
01.1097 08.8279 13.9844 31.9753 14.5787 007.493
01.4427 09.7618 13.2102 30.9970 13.2838 009.535
01.8140 10.6754 12.5241 29.9418 12.0301 012.769
02.2305 11.5572 11.9990 28.8167 10.8366 017.218
02.7009 12.3885 11.7577 27.7059 09.7547 022.109
03.2346 13.1459 11.9854 26.7935 08.8634 026.943
03.8354 13.8045 13.0405 26.3118 08.2416 027.515
04.5253 14.3618 15.2401 16.9397 07.9047 027.522
05.2927 14.8063 26.5041 11.9188 07.8612 026.455
06.1273 15.1303 24.4694 09.5953 08.1292 030.398
06.9688 15.3196 23.0622 07.9451 08.9938 030.516
07.8291 15.3642 22.3269 06.8282 10.7248 -34.300
08.6494 15.2668 21.4040 08.0360 08.9149 031.355
09.5013 15.3271 20.6093 06.8607 10.5892 -33.950
10.3263 15.2413 19.7426 08.1186 08.8501 031.342
11.1774 15.3126 18.9002 06.9155 24.5017 -40.000
11.9403 15.2432 18.2023 08.5505 08.5537 031.662
12.7848 15.3496 17.2372 07.2101 23.2024 -40.000
13.5499 15.3109 16.6776 09.1397 28.3098 -32.177
14.3847 15.4502 16.5859 12.7526 07.2448 026.108
15.2302 15.7529 15.0599 10.3585 26.5944 -21.001
16.1457 15.9352 14.5776 13.1295 30.6475 -00.139
17.0961 16.2463 13.5812 13.8397 28.5907 002.960
18.0450 16.5577 12.5137 13.5168 25.6204 001.612
19.0000 16.8531 11.4813 12.4994 23.1631 -03.407
19.9564 17.1390 10.5476 11.2942 21.9596 -11.662
20.8889 17.4381 09.8023 09.9241 22.9839 -24.775
21.7329 17.7731 09.5151 08.5719 31.2815 -31.014
22.4775 18.1974 09.7581 07.5565 31.9462 -35.760
23.1031 18.7142 10.9119 06.9324 31.4466 -40.000
23.5872 19.3079 14.2083 06.7493 17.9168 -40.000
23.9330 19.9915 24.3011 07.0444 11.6750 -35.792
24.1355 20.7769 29.2692 07.8649 09.2079 015.942
24.1894 21.7369 28.5746 07.2313 10.3979 -26.296
24.3215 22.6237 27.3763 08.0339 08.9363 031.461
24.3211 23.4767 26.9322 06.9330 11.0195 -35.000
24.4633 24.2834 25.7207 07.9742 08.9811 030.822
24.4479 25.1420 25.1546 06.8796 10.9195 -34.750
24.5737 25.9540 24.0629 07.9781 08.9673 030.780
24.5416 26.8125 23.3972 06.8640 10.7890 -34.450
24.6517 27.6297 22.4050 08.0229 08.9238 031.426
24.6042 28.4817 21.6714 06.8646 10.6832 -34.200
24.7024 29.3030 20.7471 08.0721 08.8830 031.596
24.6432 30.1527 19.9594 06.8856 10.5733 -33.900
24.7311 30.9780 19.0845 08.1362 08.8336 031.736
24.6623 31.8257 18.2571 06.9216 10.4649 -33.650
24.7415 32.6544 17.4169 08.2125 08.7766 031.863
24.6647 33.5002 16.5615 06.9699 10.3576 -33.350
24.7368 34.3324 15.7430 08.2937 08.7169 032.021
24.6539 35.1762 14.8711 07.0232 10.2603 -32.497
24.7211 36.0170 14.0536 08.3426 08.6797 031.597
24.6358 36.8644 13.1729 07.0741 10.1787 -30.610
00.0000 00.0000 22.0000 08.4853 08.4853 000.000
00.0000 01.0000 21.0000 08.4853 08.4853 000.000
00.0000 02.0000 20.0000 08.4853 08.4853 000.000
00.0000 03.0000 19.0000 08.4853 08.4853 000.000
00.0000 04.0000 18.0000 08.4853 08.4853 000.000
00.0000 05.0000 17.0000 24.0416 08.4853 015.000
00.0000 05.9659 16.0941 39.1914 09.3245 015.000
00.0833 06.9283 15.2995 36.5669 10.5792 015.000
00.2494 07.8798 14.6080 34.4060 12.4415 015.000
00.4969 08.8135 14.0148 32.6072 14.5739 015.000
00.8240 09.7223 13.5191 31.0989 13.0869 015.000
01.2284 10.5995 13.1240 29.8295 11.8196 015.000
01.7069 11.4386 12.8376 28.7616 10.7363 015.000
02.2560 12.2333 12.6745 27.8680 09.8104 015.000
02.8716 12.9776 12.6591 27.1292 09.0227 015.000
03.5492 13.6660 12.8304 26.5323 08.3597 015.000
04.2836 14.2934 13.2521 26.0696 07.8124 015.000
05.0694 14.8552 14.0320 19.5352 07.3763 010.000
05.9170 15.3566 27.0995 17.6098 06.9739 010.000
06.7922 15.8082 25.3987 16.1871 06.6336 010.000
07.6920 16.2083 23.8403 15.0599 06.3570 010.000
08.6135 16.5557 22.4042 14.1199 06.1470 015.000
09.5356 16.8435 20.9522 12.6974 06.1218 015.000
10.4790 17.0507 19.6866 11.5656 06.2437 015.000
11.4368 17.1757 18.5807 10.6190 06.5446 015.000
12.4018 17.2176 17.6144 09.7957 07.0735 -15.000
13.3669 17.1762 16.6488 10.6197 06.5440 -15.000
14.3319 17.2181 15.8011 11.8402 25.7012 -15.000
15.2897 17.3431 15.0609 13.6245 27.2937 -15.000
16.2331 17.5503 14.4220 15.5437 29.6518 -15.000
17.1552 17.8382 13.8817 13.9249 33.2645 -15.000
18.0489 18.2045 13.4411 12.5495 33.3877 -15.000
18.9078 18.6465 13.1060 11.3756 32.1546 -15.000
19.7253 19.1610 12.8879 10.3723 31.1320 -20.343
20.4728 19.7270 13.1971 09.5293 30.2798 -15.000
21.1701 20.3954 13.3883 08.8487 29.6677 -15.000
21.8072 21.1215 13.8342 08.2879 25.2106 -15.000
22.3792 21.8998 14.6416 07.8418 18.5768 -15.000
22.8820 22.7246 15.9998 07.5096 15.3184 -15.000
23.3117 23.5897 18.2762 07.2951 13.3030 -15.000
23.6652 24.4886 22.2818 07.2072 11.8793 -15.000
23.9398 25.4146 25.0951 07.2617 10.7811 -10.000
24.1373 26.3794 23.8675 07.3170 10.2574 -10.000
24.2786 27.3541 22.7301 07.4763 09.7539 -10.000
24.3632 28.3352 21.6734 07.7563 09.2634 -15.000
24.3904 29.3008 20.7344 08.4385 08.5542 -15.000
24.3342 30.2651 19.9431 09.4772 07.9018 015.000
24.1950 31.2209 18.8110 08.7324 08.2926 015.000
24.1388 32.1852 17.8219 08.0651 08.9368 -15.000
24.1660 33.1507 16.8779 08.7760 08.2538 015.000
24.1098 34.1150 15.8913 08.1050 08.8945 -15.000
24.1370 35.0806 14.9448 08.8197 08.2149 015.000
24.0808 36.0449 13.9607 08.1449 08.8523 -15.000
00.0000 00.0000 22.0000 08.4853 08.4853 000.000
00.0000 01.0000 21.0000 08.4853 08.4853 000.000
00.0000 02.0000 20.0000 08.4853 08.4853 000.000
00.0000 03.0000 19.0000 08.4853 08.4853 000.000
00.0000 04.0000 18.0000 08.4853 08.4853 000.000
00.0000 05.0000 17.0000 24.0416 08.4853 015.000
00.0000 05.9659 16.0941 39.1914 09.3245 015.000
00.0833 06.9283 15.2995 36.5669 10.5792 015.000
00.2494 07.8798 14.6080 34.4060 12.4415 015.000
00.4969 08.8135 14.0148 32.6072 14.5739 015.000
00.8240 09.7223 13.5191 31.0989 13.0869 015.000
01.2284 10.5995 13.1240 29.8295 11.8196 015.000
01.7069 11.4386 12.8376 28.7616 10.7363 015.000
02.2560 12.2333 12.6745 27.8680 09.8104 015.000
02.8716 12.9776 12.6591 27.1292 09.0227 015.000
03.5492 13.6660 12.8304 26.5323 08.3597 015.000
04.2836 14.2934 13.2521 26.0696 07.8124 015.000
05.0694 14.8552 14.0320 19.5352 07.3763 010.000
05.9170 15.3566 27.0995 17.6098 06.9739 010.000
06.7922 15.8082 25.3987 16.1871 06.6336 010.000
07.6920 16.2083 23.8403 15.0599 06.3570 010.000
08.6135 16.5557 22.4042 14.1199 06.1470 015.000
09.5356 16.8435 20.9522 12.6974 06.1218 015.000
10.4790 17.0507 19.6866 11.5656 06.2437 015.000
11.4368 17.1757 18.5807 10.6190 06.5446 015.000
12.4018 17.2176 17.6144 09.7957 07.0735 -15.000
13.3669 17.1762 16.6488 10.6197 06.5440 -15.000
14.3319 17.2181 15.8011 11.8402 25.7012 -15.000
15.2897 17.3431 15.0609 13.6245 27.2937 -15.000
16.2331 17.5503 14.4220 15.5437 29.6518 -15.000
17.1552 17.8382 13.8817 13.9249 33.2645 -15.000
18.0489 18.2045 13.4411 12.5495 33.3877 -15.000
18.9078 18.6465 13.1060 11.3756 32.1546 -15.000
19.7253 19.1610 12.8879 10.3723 31.1320 -20.343
20.4728 19.7270 13.1971 09.5293 30.2798 -15.000
21.1701 20.3954 13.3883 08.8487 29.6677 -15.000
21.8072 21.1215 13.8342 08.2879 25.2106 -15.000
22.3792 21.8998 14.6416 07.8418 18.5768 -15.000
22.8820 22.7246 15.9998 07.5096 15.3184 -15.000
23.3117 23.5897 18.2762 07.2951 13.3030 -15.000
23.6652 24.4886 22.2818 07.2072 11.8793 -15.000
23.9398 25.4146 25.0951 07.2617 10.7811 -10.000
24.1373 26.3794 23.8675 07.3170 10.2574 -10.000
24.2786 27.3541 22.7301 07.4763 09.7539 -10.000
24.3632 28.3352 21.6734 07.7563 09.2634 -15.000
24.3904 29.3008 20.7344 08.4385 08.5542 -15.000
24.3342 30.2651 19.9431 09.4772 07.9018 015.000
24.1950 31.2209 18.8110 08.7324 08.2926 015.000
24.1388 32.1852 17.8219 08.0651 08.9368 -15.000
24.1660 33.1507 16.8779 08.7760 08.2538 015.000
24.1098 34.1150 15.8913 08.1050 08.8945 -15.000
24.1370 35.0806 14.9448 08.8197 08.2149 015.000
24.0808 36.0449 13.9607 08.1449 08.8523 -15.000
00.0000 00.0000 22.0000 08.4853 08.4853 000.000
00.0000 01.0000 21.0000 08.4853 08.4853 000.000
00.0000 02.0000 20.0000 08.4853 08.4853 000.000
00.0000 03.0000 19.0000 08.4853 08.4853 000.000
00.0000 04.0000 18.0000 08.4853 08.4853 000.000
00.0000 05.0000 17.0000 24.0416 08.4853 010.935
00.0000 05.9818 16.0503 39.9786 09.0774 012.691
00.0617 06.9555 15.1859 37.5737 10.0316 014.287
00.1936 07.9155 14.4289 35.3241 11.5410 014.895
00.4035 08.8588 13.7757 33.3792 13.8487 015.931
00.6920 09.7761 13.2510 31.6753 13.2112 016.724
01.0617 10.6596 12.8692 30.2265 11.8452 017.252
01.5132 11.5012 12.6469 29.0313 10.6995 017.544
02.0448 12.2927 12.6080 28.0774 09.7497 017.593
02.6530 13.0266 12.7876 27.3477 08.9736 017.360
03.3330 13.6964 13.2353 26.8209 08.3516 016.746
04.0787 14.2972 14.0129 21.2732 07.8650 017.226
04.8766 14.8222 28.3705 16.1987 07.5187 011.254
05.7451 15.2778 26.5402 14.6947 07.2028 013.722
06.6330 15.6722 24.7761 13.1351 07.0157 014.991
07.5440 15.9933 23.1916 11.7979 06.9735 014.193
08.4827 16.2355 21.8347 10.8125 07.0560 012.265
09.4457 16.4015 20.6572 10.1115 07.2325 010.160
10.4251 16.4997 19.5914 09.5934 07.4783 008.202
11.4140 16.5403 18.5864 09.1893 07.7723 006.475
12.4076 16.5337 17.6095 08.8578 23.8500 -00.591
13.4066 16.4896 16.6072 08.8258 22.5668 -12.578
14.3818 16.4499 15.6262 09.4274 22.8281 -14.570
15.3491 16.4808 14.7498 10.4428 23.6076 -16.294
16.3025 16.5918 14.0038 12.1052 25.1540 -17.626
17.2347 16.7900 13.4070 14.3525 27.9262 -17.982
18.1404 17.0808 12.9525 12.7286 32.6572 -17.114
19.0155 17.4650 12.6003 11.4083 33.7900 -17.569
19.8466 17.9321 12.4117 10.3066 32.5517 -17.803
20.6254 18.4797 12.4137 09.3979 31.5988 -17.800
21.3445 19.1038 12.6460 08.6598 30.9115 -17.511
21.9972 19.7991 13.1652 08.0731 30.3660 -16.815
22.5791 20.5592 14.0421 07.6191 20.2071 -18.154
23.0812 21.3659 15.8161 07.3200 15.5611 -24.838
23.4782 22.1820 21.2275 07.3266 12.0226 -14.014
23.7763 23.1053 27.1284 07.3179 10.9811 -12.057
24.0007 24.0571 26.2862 07.3903 10.2758 -10.176
24.1592 25.0285 25.1042 07.5269 09.7648 -08.516
24.2608 26.0123 24.0221 07.7150 09.3684 -07.045
24.3139 27.0033 22.9985 07.9420 09.0438 -05.745
24.3264 27.9982 22.0065 08.1957 08.7666 000.000
24.3056 28.9980 21.0065 08.2258 08.7378 000.000
24.2848 29.9978 20.0065 08.2558 08.7090 000.000
24.2641 30.9976 19.0065 08.2858 08.6802 000.000
24.2433 31.9974 18.0065 08.3158 08.6515 000.000
24.2225 32.9971 17.0065 08.3458 08.6227 000.000
24.2017 33.9969 16.0065 08.3758 08.5939 000.000
24.1810 34.9967 15.0065 08.4058 08.5651 000.000
24.1602 35.9965 14.0065 08.4358 08.5363 000.000
24.1394 36.9963 13.0065 08.4659 08.5075 000.000
24.1186 37.9961 12.0065 08.4959 08.4787 000.000
00.0000 00.0000 22.0000 08.4853 08.4853 000.000
00.0000 01.0000 21.0000 08.4853 08.4853 000.000
00.0000 02.0000 20.0000 08.4853 08.4853 000.000
00.0000 03.0000 19.0000 08.4853 08.4853 000.000
00.0000 04.0000 18.0000 08.4853 08.4853 000.000
00.0000 05.0000 17.0000 24.0416 08.4853 020.000
00.0000 05.9397 16.1657 38.3087 09.6481 020.000
00.1071 06.8733 15.5305 35.2135 11.5546 020.000
00.3200 07.7885 15.0892 32.8454 14.7553 020.000
00.6358 08.6736 14.8505 31.0218 14.0787 020.000
01.0505 09.5168 14.8395 29.6261 12.7749 020.000
01.5586 10.3073 15.1052 28.5838 11.7513 020.000
02.1535 11.0347 15.7353 27.8494 10.9664 020.000
02.8274 11.6895 16.8872 13.1697 10.3964 003.867
03.6176 12.2987 16.3709 15.2687 09.8132 010.000
04.4109 12.8823 30.5195 13.8892 09.3206 010.000
05.2366 13.4190 28.5099 12.9608 08.8961 010.000
06.0920 13.9070 26.6885 12.2405 08.5397 008.504
06.9780 14.3465 25.1158 11.8916 08.2224 008.346
07.8849 14.7420 23.6550 11.5625 07.9580 008.022
08.8106 15.0934 22.2952 11.2661 07.7431 007.615
09.7527 15.4017 21.0207 11.0001 07.5744 007.128
10.7084 15.6684 19.8167 10.7626 07.4484 006.571
11.6755 15.8956 18.6695 10.5519 07.3604 005.958
12.6517 16.0859 17.5669 10.3664 07.3056 005.304
13.6351 16.2425 16.4981 10.2045 26.7513 -20.000
14.5672 16.3617 15.8936 12.2914 06.5896 010.000
15.5234 16.5971 14.7237 11.6509 25.5667 -20.000
16.4473 16.7685 14.1763 14.4452 28.9236 -20.000
17.3457 17.0442 13.8098 13.5909 34.6888 -20.868
18.2019 17.4184 13.6821 12.1904 33.6651 -21.371
19.0049 17.8899 13.8407 11.0925 32.3945 -20.738
19.7479 18.4580 14.2956 10.2532 31.5452 -20.000
20.4218 19.1129 15.1308 09.6263 24.2725 -20.000
21.0166 19.8403 16.6161 09.1935 14.1917 -10.000
21.5490 20.6688 17.2102 08.7738 13.2050 -10.000
22.0326 21.5267 18.1160 08.4219 12.4438 -10.000
22.4657 22.4111 19.4646 08.1391 11.8053 -08.331
22.8487 23.3235 20.9046 07.8903 11.4749 -07.923
23.1876 24.2541 22.8182 07.6893 11.1861 -07.484
23.4836 25.2004 25.3722 07.5335 10.9283 -06.974
23.7385 26.1597 24.4251 07.4190 10.6987 -06.398
23.9547 27.1297 23.2548 07.3413 10.4954 -05.771
24.1348 28.1082 22.1357 07.2950 10.3169 -05.110
24.2823 29.0932 21.0554 07.2746 10.1615 -04.435
24.4005 30.0832 20.0035 07.2740 10.0275 -03.768
24.4933 31.0767 18.9714 07.2876 09.9134 -03.129
24.5644 32.0727 17.9525 07.3101 09.8174 -02.537
24.6173 33.0703 16.9421 07.3370 09.7379 -02.004
24.6555 34.0690 15.9367 07.3649 09.6730 -01.541
24.6821 35.0682 14.9341 07.3914 09.6211 -01.149
24.6998 36.0679 13.9329 07.4149 09.5804 -01.404
24.7107 37.0675 12.9325 07.4594 09.5169 -00.554
00.0000 00.0000 22.0000 08.4853 08.4853 000.000
00.0000 01.0000 21.0000 08.4853 08.4853 000.000
00.0000 02.0000 20.0000 08.4853 08.4853 000.000
00.0000 03.0000 19.0000 08.4853 08.4853 000.000
00.0000 04.0000 18.0000 08.4853 08.4853 020.000
00.0000 04.9397 17.1723 07.6617 09.6481 000.290
00.1140 05.9332 16.1754 38.1121 09.8524 020.000
00.2227 06.8665 15.5435 35.0406 11.8053 020.000
00.4371 07.7814 15.1059 32.6897 15.0825 000.000
00.7748 08.7227 14.1059 32.3163 14.6816 000.000
01.1125 09.6640 13.1059 31.9429 13.6408 000.000
01.4502 10.6052 12.1059 31.5695 12.6000 002.500
01.7875 11.5456 11.1662 30.9871 11.4826 013.051
02.1298 12.4577 10.5191 29.6804 10.1621 026.096
02.5077 13.2723 10.4443 28.0739 08.9123 027.000
02.9971 14.0169 10.7459 27.0394 07.9939 027.509
03.5908 14.6758 11.6078 26.5488 07.3629 028.481
04.2727 15.2304 13.5491 20.1769 07.0092 026.754
05.0462 15.6766 26.7916 14.1482 06.9035 022.236
05.9084 16.0135 24.8399 11.7094 06.9769 015.787
06.8417 16.2479 23.4403 10.6029 07.1195 002.940
07.8283 16.4023 22.3850 10.6177 07.0168 002.971
08.8175 16.5398 21.3382 10.6049 06.9361 002.813
09.8090 16.6603 20.3018 10.5807 06.8720 002.581
10.8025 16.7645 19.2746 10.5520 06.8216 002.328
11.7977 16.8538 18.2550 10.5217 06.7826 002.075
12.7942 16.9297 17.2410 10.4914 06.7531 001.834
13.7916 16.9935 16.2314 10.4618 24.2466 -20.000
14.7300 17.0435 15.4868 12.1580 26.3580 000.000
15.7160 17.2102 14.4868 12.4457 24.6560 -03.562
16.7001 17.3766 13.5390 13.1180 23.6516 000.000
17.6824 17.5637 12.5390 13.4507 21.9047 000.000
18.6648 17.7508 11.5390 13.7079 20.1578 000.000
19.6471 17.9379 10.5390 12.5199 18.4108 -03.044
20.6281 18.1247 09.5742 11.2005 17.1146 -16.105
21.5685 18.3211 08.8216 09.5401 18.0205 -28.000
22.4124 18.5808 08.4496 08.0197 23.4320 -28.000
23.2053 18.9693 08.3060 06.8972 31.4988 -29.271
23.9189 19.4710 08.5244 06.0814 30.5302 -30.831
24.5315 20.0728 09.3772 05.5418 30.3281 -30.496
25.0340 20.7728 11.3548 05.2542 21.5344 -30.221
25.4119 21.5498 16.3703 05.2319 15.4226 -25.000
25.6659 22.4198 27.8635 05.4143 12.7907 -25.000
25.7948 23.3169 26.6831 05.9388 11.0389 -06.479
25.7962 24.3105 25.7064 06.1728 10.6468 -02.494
25.7600 25.3089 24.7229 06.3252 10.4574 -01.194
25.7093 26.3074 23.7321 06.4506 10.3245 -00.419
25.6516 27.3057 22.7354 06.5553 10.2251 000.095
25.5915 28.3039 21.7347 06.6417 10.1498 000.451
25.5320 29.3021 20.7315 06.7116 10.0937 000.696
25.4751 30.3004 19.7272 06.7664 10.0538 000.859
25.4222 31.2989 18.7226 06.8078 10.0279 000.956
25.3743 32.2976 17.7183 06.8372 10.0140 001.000
25.3320 33.2966 16.7146 06.8565 10.0101 001.000
25.2955 34.2957 15.7117 06.8673 10.0146 000.966
25.2648 35.2951 14.7095 06.8712 10.0256 000.887
25.2397 36.2947 13.7080 06.8704 10.0404 000.710
00.0000 00.0000 22.0000 08.4853 08.4853 000.000
00.0000 01.0000 21.0000 08.4853 08.4853 000.000
00.0000 02.0000 20.0000 08.4853 08.4853 000.000
00.0000 03.0000 19.0000 08.4853 08.4853 000.000
00.0000 04.0000 18.0000 08.4853 08.4853 000.000
00.0000 05.0000 17.0000 24.0416 08.4853 016.675
00.0000 05.9579 16.1159 38.8855 09.4305 039.782
00.0735 06.7229 16.0455 06.6631 13.2888 -01.871
00.3791 07.6745 14.9945 33.4920 13.6686 034.890
00.6214 08.4582 15.3616 30.6930 14.1477 019.804
01.0656 09.2876 15.4543 29.4125 12.9224 019.616
01.6012 10.0624 15.8369 28.4653 11.9656 019.649
02.2201 10.7723 16.6243 17.5897 11.2385 001.566
02.9573 11.4474 15.7823 27.0808 10.5674 019.695
03.6574 12.0769 17.0832 12.5991 10.0607 000.000
04.4714 12.6578 16.0832 16.1228 09.4718 001.899
05.2849 13.2384 15.3219 18.4275 08.9001 004.877
06.1023 13.8081 28.5774 18.7072 08.3671 005.819
06.9343 14.3537 26.9996 18.4057 07.8697 006.108
07.7837 14.8705 25.4716 17.9820 07.4063 006.168
08.6508 15.3568 24.0106 17.5545 06.9759 006.172
09.5349 15.8118 22.6138 17.1395 06.5779 006.147
10.4346 16.2348 21.2761 16.7400 06.2122 006.096
11.3490 16.6254 19.9920 16.3564 05.8784 006.022
12.2768 16.9835 18.7558 15.9882 05.5766 005.924
13.2167 17.3090 17.5623 15.6349 05.3066 005.802
14.1674 17.6020 16.4064 15.2957 05.0683 005.656
15.1278 17.8629 15.2831 14.9700 04.8617 005.486
16.0964 18.0921 14.1879 14.6572 25.1834 -16.059
17.0382 18.2836 13.5383 14.7103 27.4117 -15.909
17.9589 18.5612 12.9888 13.0788 30.8453 -21.031
18.8242 18.9112 12.7647 11.6324 32.3591 -24.255
19.6224 19.3517 12.9539 10.4857 30.9677 -32.139
20.3008 19.8585 14.2157 09.7050 30.1595 -36.118
20.8519 20.4491 17.4135 09.4005 12.3891 000.000
21.3773 21.3000 16.4135 08.8607 14.6712 -00.952
21.9025 22.1507 15.5535 08.3320 16.5653 -36.667
22.3201 22.8356 22.5712 08.4812 10.1813 000.000
22.6604 23.7759 21.5712 08.1055 10.9831 000.000
23.0006 24.7162 20.5712 07.7297 11.7850 000.000
23.3409 25.6566 19.5712 07.3540 12.5869 -37.058
23.6124 26.4070 23.8430 07.9664 09.3921 000.000
23.7568 27.3965 22.8430 07.7863 09.6338 000.000
23.9013 28.3860 21.8430 07.6061 09.8755 000.000
24.0457 29.3755 20.8430 07.4260 10.1171 -37.030
24.1610 30.1655 19.8670 08.7734 08.2547 000.000
24.1038 31.1639 18.8670 08.8592 08.1781 036.729
24.0580 31.9640 18.2233 07.4185 10.1184 -37.033
24.1722 32.7541 17.2756 08.7707 08.2591 000.000
24.1136 33.7524 16.2756 08.8589 08.1807 000.000
24.0550 34.7507 15.2756 08.9471 08.1023 000.000
23.9964 35.7490 14.2756 09.0353 08.0239 000.000
23.9378 36.7472 13.2756 09.1235 07.9454 000.000
00.0000 00.0000 22.0000 08.4853 08.4853 000.000
00.0000 01.0000 21.0000 08.4853 08.4853 000.000
00.0000 02.0000 20.0000 08.4853 08.4853 000.000
00.0000 03.0000 19.0000 08.4853 08.4853 000.000
00.0000 04.0000 18.0000 08.4853 08.4853 000.000
00.0000 05.0000 17.0000 24.0416 08.4853 013.303
00.0000 05.9732 16.0742 39.5122 09.2196 014.753
00.0742 06.9374 15.2619 36.8653 10.4012 014.753
00.2299 07.8918 14.5489 34.6808 12.1447 014.714
00.4662 08.8297 13.9287 32.8610 14.6540 013.601
00.7825 09.7487 13.3583 31.4047 13.1684 013.579
01.1700 10.6402 12.8632 30.1507 11.8802 013.558
01.6260 11.4987 12.4458 29.0673 10.7579 013.538
02.1478 12.3190 12.1117 28.1303 09.7777 013.519
02.7321 13.0962 11.8709 27.3216 08.9214 013.500
03.3752 13.8255 11.7397 26.6278 08.1754 013.482
04.0732 14.5026 11.7435 26.0392 07.5299 013.464
04.8217 15.1235 11.9225 25.5493 06.9778 013.444
05.6162 15.6845 12.3417 23.1388 06.5152 013.421
06.4519 16.1822 26.2764 19.3236 06.1405 017.333
07.3074 16.6058 24.2493 16.0163 05.9213 017.333
08.2007 16.9423 22.5622 13.8605 05.8435 017.238
09.1235 17.1886 21.1530 12.3109 05.9268 017.058
10.0670 17.3426 19.9738 11.1167 06.2030 017.000
11.0213 17.4037 18.9894 10.1347 06.7308 000.000
12.0208 17.3700 17.9894 10.0885 06.7801 -13.366
12.9931 17.3372 17.0229 10.8581 06.3255 -13.412
13.9649 17.3795 16.1528 11.9656 05.8697 -13.547
14.9300 17.4966 15.3733 13.5471 05.4066 -13.843
15.8818 17.6886 14.6853 15.8467 29.0986 -14.592
16.8122 17.9549 14.1065 14.4592 32.1623 -13.363
17.7218 18.3003 13.5710 13.0488 33.6892 -14.666
18.5970 18.7124 13.1740 11.8023 32.3834 -14.742
19.4341 19.1967 12.8857 10.7316 31.2864 -14.709
20.2272 19.7503 12.7154 09.8136 30.3760 -14.685
20.9707 20.3692 12.6858 09.0295 29.6315 -14.669
21.6592 21.0487 12.8332 08.3661 29.0394 -14.661
22.2880 21.7839 13.2167 07.8148 26.5263 -14.660
22.8525 22.5696 13.9351 07.3709 19.8607 -13.334
23.3516 23.4049 14.9269 07.0128 16.8209 -17.333
23.7768 24.2596 17.5659 06.8255 14.0647 -17.333
24.1150 25.1523 22.6644 06.7920 12.2484 -17.280
24.3629 26.0744 24.2490 06.9357 10.9218 -17.121
24.5185 27.0173 23.0316 07.2924 09.8835 -17.000
24.5808 27.9716 22.0400 07.9249 09.0191 000.000
24.5484 28.9711 21.0400 07.9723 08.9747 000.000
24.5160 29.9705 20.0400 08.0197 08.9303 000.000
24.4836 30.9700 19.0400 08.0670 08.8859 000.000
24.4512 31.9695 18.0400 08.1144 08.8415 000.000
24.4188 32.9690 17.0400 08.1618 08.7971 000.000
24.3864 33.9684 16.0400 08.2092 08.7527 000.000
24.3540 34.9679 15.0400 08.2566 08.7083 000.000
24.3216 35.9674 14.0400 08.3040 08.6639 000.000
24.2892 36.9669 13.0400 08.3513 08.6194 000.000
24.2568 37.9663 12.0400 08.3987 08.5750 000.000
00.0000 00.0000 22.0000 08.4853 08.4853 000.000
00.0000 01.0000 21.0000 08.4853 08.4853 000.000
00.0000 02.0000 20.0000 08.4853 08.4853 000.000
00.0000 03.0000 19.0000 08.4853 08.4853 000.000
00.0000 04.0000 18.0000 08.4853 08.4853 000.000
00.0000 05.0000 17.0000 24.0416 08.4853 000.000
00.0000 06.0000 16.0000 22.6274 08.4853 013.556
00.0000 06.9721 15.0739 23.1306 09.2351 012.142
00.0764 07.9468 14.2094 37.2242 10.2159 011.896
00.2211 08.9146 13.4001 35.3315 11.5599 023.000
00.4194 09.8134 12.9625 32.6585 13.4546 023.000
00.7331 10.6788 12.7527 30.7026 11.8765 023.000
01.1568 11.4960 12.8062 29.2979 10.6696 023.000
01.6834 12.2510 13.1969 28.3463 09.7592 023.000
02.3038 12.9310 14.0679 27.7961 09.1017 023.000
03.0075 13.5245 15.7071 16.4868 08.6761 023.000
03.7825 14.0212 28.9687 11.8553 08.4816 010.811
04.6715 14.4390 27.2393 11.1717 08.2394 006.374
05.5956 14.8046 25.8842 11.1470 07.9741 005.932
06.5333 15.1361 24.6045 11.1206 07.7387 006.173
07.4816 15.4349 23.3614 11.0164 07.5475 006.382
08.4395 15.6995 22.1561 10.8513 07.4040 006.469
09.4064 15.9284 20.9907 10.6467 07.3097 006.447
10.3813 16.1207 19.8643 10.4178 07.2655 006.337
11.3629 16.2765 18.7734 10.1743 07.2721 006.152
12.3499 16.3962 17.7138 09.9223 07.3301 005.902
13.3410 16.4805 16.6803 09.6659 24.8475 005.592
14.3350 16.5308 15.6676 09.4077 22.5657 -13.182
15.3085 16.5484 14.7569 10.2724 23.0464 -11.158
16.2853 16.6407 13.8894 11.3236 23.3861 -10.774
17.2553 16.7960 13.0627 12.7066 23.8292 -10.063
18.2159 17.0119 12.2593 13.4726 24.3112 -09.123
19.1650 17.2841 11.4618 12.0514 24.7479 -08.839
20.0991 17.6064 10.6763 10.7582 25.3095 -10.696
21.0104 17.9740 09.9614 09.5356 26.9551 -12.551
21.8912 18.3945 09.3325 08.4078 30.6758 -15.420
22.7288 18.8718 08.8503 07.3889 31.6324 -23.000
23.4851 19.3965 08.8000 06.5225 30.6390 -23.000
24.1666 20.0154 09.0236 05.8533 30.0869 -23.000
24.7616 20.7176 09.6722 05.3596 29.9599 -23.000
25.2602 21.4915 11.0876 05.0342 21.5461 -23.000
25.6537 22.3236 14.1989 04.8856 16.7580 -14.512
25.9500 23.2452 17.9587 04.7739 15.0163 -09.872
26.1722 24.2051 22.5872 04.6869 14.1621 -08.242
26.3399 25.1804 25.0069 04.6436 13.5517 -07.475
26.4611 26.1645 23.9103 04.6518 13.0367 -11.908
26.5384 27.1399 22.8613 04.8460 12.2010 -11.385
26.5484 28.1202 21.9137 05.1768 11.4699 -10.355
26.4938 29.1024 21.0379 05.6471 10.8353 -09.293
26.3800 30.0827 20.2065 06.2652 10.2673 -08.188
26.2132 31.0583 19.3961 07.0336 09.7463 -07.002
25.9996 32.0276 18.5853 07.9420 09.2601 -05.713
25.7462 32.9898 17.7552 08.9599 08.8013 -04.318
25.4604 33.9451 16.8901 10.0319 08.3660 -04.318
25.1507 34.8930 16.0295 11.2776 07.9203 004.666
24.8174 35.8323 14.8950 11.4073 07.6528 006.357
24.5107 36.7776 13.7459 11.2743 07.4538 006.755
24.2392 37.7329 12.6219 11.0623 07.3084 006.820
00.0000 00.0000 22.0000 08.4853 08.4853 002.370
00.0000 00.9991 21.0029 08.3707 08.6047 002.129
00.0138 01.9984 20.0085 08.2527 08.7363 001.875
00.0399 02.9975 19.0156 08.1330 08.8769 001.611
00.0770 03.9964 18.0230 08.0130 09.0228 001.334
00.1234 04.9951 17.0300 40.1364 09.1701 023.246
00.1732 05.9125 16.3703 07.0563 10.9449 -00.958
00.3582 06.8951 15.3545 36.0343 11.1818 022.063
00.5247 07.8068 14.8851 33.2183 14.1487 016.652
00.8134 08.7203 14.4286 31.4744 14.3206 016.765
01.1878 09.6016 14.1130 30.0439 12.9284 023.285
01.6266 10.4085 14.3477 28.7185 11.7324 023.117
02.1686 11.1516 14.9877 27.8394 10.8515 022.644
02.8054 11.8196 16.1776 17.4011 10.2365 022.245
03.5247 12.4021 31.1339 10.4789 09.8605 011.255
04.3588 12.9181 29.0454 09.9912 09.4959 009.270
05.2300 13.3817 27.3174 09.8593 09.1748 008.364
06.1271 13.7989 25.7771 09.7875 08.8987 007.769
07.0448 14.1727 24.3639 09.7203 08.6665 007.266
07.9794 14.5051 23.0468 09.6474 08.4758 006.795
08.9281 14.7981 21.8052 09.5678 08.3243 006.355
09.8886 15.0537 20.6229 09.4805 08.2101 005.921
10.8586 15.2738 19.4877 09.3867 08.1308 005.506
11.8363 15.4606 18.3893 09.2866 08.0847 005.086
12.8201 15.6162 17.3199 09.1819 08.0693 004.675
13.8087 15.7427 16.2727 09.0732 25.5816 -16.232
14.7641 15.8386 15.5253 10.4628 27.3030 -10.904
15.7277 16.0273 14.7550 11.9447 28.2845 -13.616
16.6678 16.2738 14.1171 14.4129 30.6281 -16.062
17.5753 16.5898 13.6527 13.2658 35.4577 -17.874
18.4415 16.9843 13.3955 11.9464 34.1236 -18.890
19.2579 17.4625 13.3727 10.8599 32.8942 -17.920
20.0222 18.0292 13.5207 09.9878 32.0027 -15.938
20.7318 18.6781 13.7695 09.2785 31.3565 -14.708
21.3828 19.3934 14.1709 08.6925 25.7515 -14.840
21.9706 20.1608 14.9219 08.2226 18.4235 -16.847
22.4856 20.9675 16.5460 07.9006 14.5239 -02.583
22.9393 21.8575 16.0210 07.4608 15.2873 -07.607
23.3761 22.7473 16.5317 07.1133 14.7476 -07.215
23.7737 23.6562 17.2014 06.8040 14.3192 -06.054
24.1336 24.5832 17.8326 06.5156 14.0959 -24.705
24.4325 25.4411 25.0355 06.7001 11.5624 -00.668
24.6266 26.4220 24.0172 06.4833 11.8428 -00.455
24.8170 27.4037 23.0056 06.2648 12.1355 -24.705
24.9876 28.2960 21.7302 06.7645 10.4057 -01.988
25.0367 29.2942 20.7204 06.7696 10.3474 -02.073
25.0743 30.2929 19.7136 06.7949 10.2699 -24.705
25.0974 31.2010 18.9223 07.8834 09.0631 023.322
24.9927 32.1133 17.8896 06.9566 10.0731 -24.705
25.0092 33.0217 17.1048 08.1013 08.8982 -04.705
24.8882 34.0109 16.1683 08.6015 08.5647 -04.705
24.7402 34.9965 15.2399 09.1942 08.2178 -04.705
24.5654 35.9777 14.3184 09.8912 07.8577 -04.705
24.3638 36.9537 13.4025 10.7074 07.4846 -04.705
24.1355 37.9239 12.4908 11.6603 07.0987 -04.705
00.0000 00.0000 22.0000 08.4853 08.4853 004.513
00.0000 00.9969 21.0103 08.2712 08.7169 003.764
00.0262 01.9944 20.0288 08.0695 08.9638 003.118
00.0742 02.9918 19.0500 07.8762 09.2208 002.562
00.1403 03.9886 18.0709 07.6889 09.4836 002.187
00.2213 04.9846 17.0907 07.5022 09.7556 023.389
00.3073 05.8984 16.5240 06.7140 11.8964 000.387
00.5320 06.8728 15.5321 34.7062 12.3646 021.806
00.7426 07.7770 15.1574 32.2236 15.6650 013.277
01.0790 08.6903 14.6400 30.8534 14.1991 016.894
01.4776 09.5602 14.3894 29.5049 12.8683 023.085
01.9399 10.3555 14.7137 28.2905 11.7401 022.848
02.5032 11.0848 15.4687 27.4968 10.9152 021.897
03.1607 11.7395 16.7635 13.7641 10.3434 022.891
03.8892 12.3034 30.2387 09.0708 10.0252 007.255
04.7458 12.8037 28.5696 09.5226 09.6228 007.795
05.6216 13.2670 26.9616 09.6847 09.2768 007.849
06.5173 13.6901 25.4501 09.7149 08.9832 007.599
07.4319 14.0722 24.0395 09.6902 08.7367 007.226
08.3632 14.4140 22.7178 09.6391 08.5333 006.820
09.3089 14.7166 21.4698 09.5720 08.3701 006.413
10.2666 14.9818 20.2810 09.4927 08.2448 005.999
11.2343 15.2114 19.1399 09.4045 08.1552 005.593
12.2101 15.4072 18.0366 09.3085 08.0994 005.181
13.1924 15.5714 16.9631 09.2069 27.7753 004.775
14.1798 15.7060 15.9125 09.1006 25.2323 -16.125
15.1348 15.8092 15.1688 10.5207 26.9212 -10.679
16.0979 16.0049 14.3943 12.0190 27.8256 -13.017
17.0388 16.2575 13.7355 14.3803 29.9215 -15.494
17.9482 16.5765 13.2380 12.8717 34.3170 -17.343
18.8172 16.9714 12.9314 11.5696 34.1711 -18.433
19.6376 17.4478 12.8401 10.4861 32.9406 -17.868
20.4057 18.0098 12.9232 09.6069 32.0323 -15.947
21.1195 18.6540 13.0993 08.8877 31.3717 -14.609
21.7756 19.3653 13.4008 08.2887 30.3741 -14.609
22.3694 20.1293 13.9964 07.8000 21.0798 -16.543
22.8921 20.9329 15.3468 07.4492 16.3508 -02.882
23.3546 21.8181 14.8257 07.0022 16.9910 -07.722
23.7988 22.7039 15.2086 06.6396 16.2277 -07.225
24.2033 23.6097 15.7048 06.3133 15.6578 -06.372
24.5701 24.5334 16.2342 06.0139 15.2838 -24.705
24.8740 25.3895 25.1175 06.1449 12.4649 -00.672
25.0739 26.3693 24.0986 05.9206 12.7521 -00.450
25.2700 27.3498 23.0866 05.6949 13.0543 -24.705
25.4458 28.2411 21.7918 06.1139 11.1600 -01.981
25.5007 29.2390 20.7806 06.1036 11.1003 -02.054
25.5441 30.2374 19.7724 06.1121 11.0217 -24.705
25.5727 31.1455 18.9656 07.0660 09.7165 023.313
25.4735 32.0584 17.9467 06.2529 10.8327 -24.705
25.4953 32.9666 17.1481 07.2571 09.5601 -04.705
25.3803 33.9566 16.2090 07.7117 09.2172 -04.705
25.2382 34.9431 15.2783 08.2536 08.8618 -04.705
25.0691 35.9253 14.3545 08.8942 08.4940 -04.705
24.8733 36.9025 13.4365 09.6469 08.1139 -04.705
24.6509 37.8739 12.5230 10.5283 07.7218 -04.705
00.0000 00.0000 22.0000 08.4853 08.4853 000.562
00.0000 01.0000 21.0002 08.4577 08.5131 000.489
00.0033 01.9999 20.0005 08.4293 08.5423 000.411
00.0094 02.9999 19.0008 08.4009 08.5717 000.330
00.0179 03.9998 18.0012 08.3732 08.6007 000.248
00.0283 04.9997 17.0014 24.3324 08.6283 023.120
00.0392 05.9194 16.2468 37.4165 10.0819 021.311
00.1721 06.8415 15.7050 34.3874 12.4038 -03.537
00.4331 07.8048 14.6285 34.5008 12.4835 020.422
00.6595 08.7142 14.1989 32.2029 14.5819 016.163
00.9984 09.6129 13.7800 30.6757 13.1021 023.021
01.4016 10.4403 13.8583 29.1870 11.7977 023.468
01.9075 11.2054 14.3252 28.1576 10.8196 023.134
02.5121 11.8983 15.2834 27.5431 10.1219 022.431
03.2057 12.5093 16.9435 13.2285 09.6662 022.093
03.9733 13.0283 29.1750 09.7283 09.4408 008.223
04.8562 13.4755 27.5513 09.7561 09.1230 007.916
05.7601 13.8804 26.0526 09.7313 08.8539 007.509
06.6826 14.2438 24.6614 09.6819 08.6294 007.083
07.6209 14.5669 23.3582 09.6166 08.4463 006.651
08.5725 14.8515 22.1260 09.5404 08.3021 006.231
09.5352 15.0993 20.9505 09.4547 08.1948 005.811
10.5070 15.3123 19.8203 09.3616 08.1220 005.403
11.4861 15.4924 18.7258 09.2619 08.0820 004.990
12.4711 15.6419 17.6594 09.1573 08.0721 004.584
13.4605 15.7628 16.6144 09.0486 25.9698 -16.329
14.4158 15.8538 15.8661 10.4194 27.7387 -11.309
15.3790 16.0379 15.1066 11.9198 28.8644 -14.249
16.3171 16.2816 14.4952 14.4707 31.5207 -16.653
17.2214 16.5978 14.0715 13.6201 35.6018 -18.389
18.0832 16.9952 13.8721 12.2929 34.0466 -19.310
18.8939 17.4783 13.9280 11.2120 32.8319 -17.900
19.6527 18.0525 14.1478 10.3536 31.9670 -15.996
20.3558 18.7081 14.4888 09.6600 31.3429 -14.715
20.9996 19.4299 14.9993 09.0917 21.2207 -15.119
21.5788 20.2022 15.9421 08.6466 15.7738 -17.238
22.0834 21.0131 17.9201 08.3620 12.6819 -01.699
22.5249 21.9099 17.2681 07.9226 13.6570 -07.472
22.9541 22.8037 17.9101 07.5903 13.3206 -07.203
23.3444 23.7158 18.7674 07.2985 13.0230 -05.726
23.6973 24.6461 19.4922 07.0205 12.9342 -24.705
23.9911 25.5058 24.9407 07.2603 10.6743 -00.666
24.1794 26.4878 23.9231 07.0514 10.9474 -00.461
24.3639 27.4706 22.9117 06.8404 11.2303 -24.705
24.5292 28.3639 21.6562 07.4235 09.6595 -01.997
24.5723 29.3624 20.6479 07.4448 09.6023 -02.095
24.6039 30.3612 19.6425 07.4877 09.5255 -24.705
24.6214 31.2695 18.8671 08.7165 08.4143 023.332
24.5111 32.1811 17.8202 07.6709 09.3206 -04.705
24.5231 33.1777 16.8243 07.8672 09.0867 -04.705
24.5078 34.1742 15.8403 08.1211 08.8344 -04.705
24.4653 35.1699 14.8666 08.4385 08.5649 -04.705
24.3955 36.1641 13.9018 08.8259 08.2789 -04.705
24.2986 37.1560 12.9446 09.2910 07.9772 -04.705
00.0000 00.0000 22.0000 08.4853 08.4853 -02.273
00.0000 00.9992 21.0026 08.5997 08.3753 -01.826
-0.0132 01.9986 20.0071 08.7142 08.2717 -01.398
-0.0370 02.9980 19.0117 08.8243 08.1757 -00.995
-0.0690 03.9974 18.0155 24.5501 08.0881 -00.629
-0.1068 04.9966 17.0180 23.1092 08.0095 023.101
-0.1449 05.9156 16.1494 39.2700 09.1359 021.586
-0.0615 06.8417 15.5077 35.7692 10.9582 021.841
00.1344 07.7491 15.1004 33.1417 14.1505 010.448
00.4596 08.6772 14.4494 31.9113 14.3921 016.442
00.8309 09.5615 14.1123 30.4714 12.9938 023.286
01.2648 10.3711 14.3308 29.1129 11.7818 023.130
01.8022 11.1173 14.9496 28.2104 10.8876 022.674
02.4348 11.7890 16.1102 18.1163 10.2611 022.205
03.1509 12.3758 31.6930 10.6385 09.8735 011.743
03.9804 12.8960 29.5256 10.0231 09.5096 009.405
04.8498 13.3623 27.7690 09.8702 09.1872 008.420
05.7457 13.7817 26.2122 09.7936 08.9093 007.804
06.6624 14.1574 24.7870 09.7250 08.6753 007.293
07.5964 14.4916 23.4609 09.6518 08.4829 006.818
08.5445 14.7863 22.2122 09.5722 08.3298 006.377
09.5045 15.0435 21.0242 09.4849 08.2140 005.941
10.4741 15.2652 19.8846 09.3913 08.1333 005.526
11.4515 15.4534 18.7828 09.2913 08.0859 005.105
12.4351 15.6102 17.7108 09.1867 08.0692 -15.797
13.3894 15.7335 17.0183 10.6905 07.4246 -10.021
14.3506 15.9478 16.2713 12.2267 06.9271 -11.792
15.2921 16.2158 15.6319 14.5976 34.5411 -14.329
16.2037 16.5440 15.1651 14.7262 35.7109 -16.261
17.0770 16.9425 14.9050 13.3860 34.2419 -17.484
17.9040 17.4178 14.8826 12.2595 33.0225 -17.730
18.6782 17.9727 15.1074 11.3435 32.0885 -15.915
19.3988 18.6094 15.4588 10.6058 31.4045 -14.360
20.0632 19.3145 15.9434 10.0000 18.3780 -14.205
20.6674 20.0726 16.7492 09.5118 13.8087 -15.995
21.2030 20.8709 18.3817 09.1704 11.3393 -02.989
21.6809 21.7477 17.9584 08.7182 12.3067 -07.977
22.1397 22.6254 18.6374 08.3677 12.0719 -07.224
22.5581 23.5249 19.4118 08.0526 11.9323 -07.004
22.9386 24.4416 20.4374 07.7779 11.7798 -24.705
23.2525 25.2941 25.2772 08.0269 09.6975 -00.683
23.4639 26.2714 24.2566 07.7954 10.0260 -00.443
23.6714 27.2496 23.2440 07.5606 10.3657 -24.705
23.8576 28.1388 21.9099 08.1609 08.8966 -01.974
23.9242 29.1360 20.8958 08.1548 08.8818 -02.024
23.9794 30.1339 19.8849 08.1675 08.8487 -24.705
24.0188 31.0415 19.0468 09.4071 07.7980 023.299
23.9305 31.9557 18.0560 08.2914 08.7050 -24.705
23.9631 32.8636 17.2293 09.5827 07.6783 -04.705
23.8598 33.8548 16.2852 10.0907 07.3843 -04.705
23.7294 34.8429 15.3497 10.6901 07.0743 -04.705
23.5720 35.8270 14.4215 11.3927 06.7488 -04.705
23.3878 36.8065 13.4993 12.2124 06.4084 -04.705
23.1768 37.7805 12.5819 13.1659 06.0532 -04.705