22.0000 08.4853 08.4853 000.000
21.0000 08.4853 08.4853 000.000
20.0000 08.4853 08.4853 000.000
19.0000 08.4853 08.4853 000.000
18.0000 08.4853 08.4853 000.000
17.0000 24.0416 08.4853 000.000
16.0000 22.6274 08.4853 -25.370
15.2528 18.8506 07.4921 -40.000
15.3160 15.7466 06.4692 -40.000
10.3334 13.9277 05.7478 000.000
09.3334 13.0697 05.1916 025.370
10.9557 12.8164 04.8880 040.000
11.5975 13.4508 05.0643 040.000
10.5799 14.9622 05.7997 040.000
10.0472 18.2015 07.6060 040.000
09.9821 33.8268 09.6632 040.000
10.4964 31.7139 08.4497 000.000
09.4964 31.1047 07.6447 000.000
08.4964 30.4955 06.8397 000.000
07.4964 29.8864 06.0347 000.000
06.4964 29.2772 05.2297 025.370
06.3434 28.4557 04.4598 040.000
07.3382 28.6104 04.0195 040.000
10.3037 20.0304 03.8772 040.000
26.7752 14.3903 04.0944 040.000
25.8748 11.5839 04.8820 040.000
26.1898 09.9330 06.8896 040.000
17.3490 08.8797 25.1974 040.000
12.2425 08.1931 23.6558 000.000
11.2425 07.5238 22.9108 000.000
10.2425 06.8546 22.1658 000.000
09.2425 06.1854 21.4208 000.000
08.2425 05.5161 20.6758 -25.370
08.8340 05.0010 20.3673 -40.000
12.3029 04.8898 21.1098 -40.000
18.8544 05.1932 23.0262 -40.000
17.8982 06.1456 26.9077 000.000
16.8982 06.2348 25.4043 000.000
15.8982 06.3239 23.9009 000.000
14.8982 06.4131 22.3975 000.000
13.8982 06.5022 20.8942 000.000
12.8982 06.5914 19.3908 000.000
11.8982 06.6806 17.8874 000.000
10.8982 06.7697 16.3840 000.000
09.8982 06.8589 14.8807 000.000
08.8982 06.9481 13.3773 000.000
07.8982 07.0372 11.8739 -25.370
07.1281 08.3631 12.6858 -40.000
06.8205 06.6763 17.3720 -40.000
06.8685 05.5957 35.2089 -40.000
07.4503 04.9254 34.4269 -40.000
09.1227 04.5895 27.3803 -40.000
14.1944 04.5949 16.7013 -40.000
32.4592 05.0510 12.5068 -40.000
31.9370 06.2882 10.2819 000.000
30.9370 06.5267 10.1035 000.000
29.9370 06.7651 09.9252 000.000
28.9370 07.0036 09.7469 000.000
27.9370 07.2421 09.5685 -25.370
26.6485 09.3365 08.5791 -40.000
15.1916 16.7788 07.6201 -40.000
10.5557 25.4071 06.9639 000.000
09.5557 24.6526 06.3042 000.000
08.5557 23.8981 05.6444 025.370
09.2595 23.6858 05.1504 040.000
13.1420 17.8525 05.0741 040.000
22.0303 12.7724 05.4330 000.000
21.0303 13.0109 05.2547 000.000
20.0303 13.2494 05.0763 000.000
19.0303 13.4879 04.8980 025.370
17.9410 11.6057 05.3648 040.000
17.5833 09.7442 07.0357 040.000
18.0874 08.5725 11.4314 000.000
17.0874 08.1263 12.6405 000.000
16.0874 07.6802 13.8495 000.000
15.0874 07.2340 14.6053 000.000
14.0874 06.7878 13.6373 000.000
22.0000 08.4853 08.4853 000.000
21.0000 08.4853 08.4853 000.000
20.0000 08.4853 08.4853 000.000
19.0000 08.4853 08.4853 000.000
18.0000 08.4853 08.4853 000.000
17.0000 24.0416 08.4853 000.000
16.0000 22.6274 08.4853 000.000
15.0000 21.2132 08.4853 000.000
14.0000 19.7990 08.4853 000.000
13.0000 18.3848 08.4853 000.000
12.0000 16.9706 08.4853 000.000
11.0000 15.5563 08.4853 025.370
10.2010 16.8592 10.0189 040.000
09.9750 32.8265 10.2555 040.000
10.2743 30.2880 08.8152 040.000
11.3482 29.2050 07.9785 040.000
13.9230 20.7426 07.6263 040.000
29.7964 11.7272 07.7618 040.000
27.5311 08.6031 08.5262 000.000
26.5311 08.8194 08.3606 000.000
25.5311 09.0357 08.1950 000.000
24.5311 09.2519 08.0294 025.370
23.4240 08.0317 08.9505 040.000
23.2550 06.7607 11.8315 000.000
22.2550 06.4950 25.5593 000.000
21.2550 06.2292 24.4109 000.000
20.2550 05.9635 23.2624 000.000
19.2550 05.6977 22.1139 000.000
18.2550 05.4320 20.9654 000.000
17.2550 05.1663 19.8170 000.000
16.2550 04.9005 18.6685 000.000
15.2550 04.6348 17.5200 -25.370
14.0316 04.8797 18.3014 -40.000
13.3345 06.0259 21.7415 -40.000
13.2528 08.8833 29.4016 -40.000
13.8882 12.0336 36.8767 -40.000
15.5969 11.0918 35.5657 000.000
14.5969 10.3807 34.8627 000.000
13.5969 09.6695 34.1596 000.000
12.5969 08.9584 33.4565 000.000
11.5969 08.2472 32.7535 000.000
10.5969 07.5361 32.0504 -25.370
11.4234 06.9591 31.7144 000.000
10.4234 06.3499 30.9093 -25.370
11.8847 05.9790 22.5645 -40.000
18.8857 06.1136 13.9005 -40.000
28.5671 06.8157 10.4653 -40.000
28.0149 08.5174 08.6149 000.000
27.0149 08.7559 08.4365 000.000
26.0149 08.9944 08.2582 000.000
25.0149 09.2329 08.0798 000.000
24.0149 09.4714 07.9015 025.370
22.8744 08.2041 08.7665 040.000
22.6340 06.8882 11.4968 040.000
13.4672 06.0086 18.3792 000.000
12.4672 05.5624 19.5882 000.000
11.4672 05.1163 20.7972 000.000
10.4672 04.6701 19.8640 000.000
09.4672 04.2239 18.8960 -25.370
12.5960 04.0775 17.6556 -40.000
16.2152 04.4498 13.2024 000.000
15.2152 04.3539 13.3133 000.000
14.2152 04.2580 13.4243 000.000
13.2152 04.1621 13.5353 000.000
12.2152 04.0662 13.6462 000.000
22.0000 08.4853 08.4853 000.000
21.0000 08.4853 08.4853 000.000
20.0000 08.4853 08.4853 000.000
19.0000 08.4853 08.4853 000.000
18.0000 08.4853 08.4853 000.000
17.0000 24.0416 08.4853 000.000
16.0000 22.6274 08.4853 -25.370
15.2528 18.8506 07.4921 -40.000
15.3160 15.7466 06.4692 -40.000
10.3334 13.9277 05.7478 000.000
09.3334 13.0697 05.1916 000.000
08.3334 12.2117 04.6353 025.370
09.6561 11.9220 04.3082 040.000
10.7384 12.4545 04.4184 040.000
09.7408 13.7756 05.0303 040.000
09.1881 16.6452 06.5971 040.000
09.0582 34.4066 08.7688 040.000
09.4441 32.2631 07.6026 040.000
10.6527 31.5929 06.9412 040.000
13.6179 19.2297 06.7108 040.000
31.4202 12.1607 06.9457 040.000
29.5527 09.2576 07.8276 040.000
29.0926 08.0534 09.8752 000.000
28.0926 07.4635 10.1406 000.000
27.0926 07.2705 10.4059 000.000
26.0926 07.0776 10.6713 000.000
25.0926 06.8846 10.9366 000.000
24.0926 06.6917 11.2020 000.000
23.0926 06.4987 11.4674 000.000
22.0926 06.3058 11.7327 000.000
21.0926 06.1128 25.7596 -25.370
19.9434 06.7033 10.3171 000.000
18.9434 06.6846 26.4361 -25.370
18.1916 07.8379 09.1106 000.000
17.1916 08.0505 27.9667 000.000
16.1916 08.2631 26.3399 000.000
15.1916 08.4756 24.7132 000.000
14.1916 08.6882 23.0864 000.000
13.1916 08.9007 21.4596 000.000
12.1916 09.1133 19.8329 000.000
11.1916 09.3258 18.2061 000.000
10.1916 09.5384 16.5793 000.000
09.1916 09.7509 14.9526 000.000
08.1916 09.9635 13.3258 -25.370
07.5050 08.2904 14.7462 -40.000
07.3511 06.7845 22.2291 -40.000
07.6329 05.8316 33.3506 -40.000
08.6438 05.2779 33.0503 -40.000
11.3384 05.0765 21.0057 -40.000
20.5588 05.2701 14.0566 000.000
19.5588 05.0138 14.4588 000.000
18.5588 04.7574 14.8609 -25.370
28.6865 05.0359 12.5427 -40.000
28.1234 06.2610 10.3050 -40.000
23.2531 09.3155 08.9395 000.000
22.2531 10.1580 08.5551 000.000
21.2531 11.0005 08.1706 000.000
20.2531 11.8430 07.7862 000.000
19.2531 12.6855 07.4017 000.000
18.2531 13.5280 07.0173 000.000
17.2531 14.3705 06.6328 000.000
16.2531 15.2130 06.2484 000.000
15.2531 16.0555 05.8640 000.000
14.2531 16.8980 05.4795 025.370
18.2220 13.5555 05.5508 040.000
17.0578 10.5771 06.3853 040.000
16.6862 08.8850 08.3860 040.000
17.1306 07.8040 13.5703 000.000
16.1306 07.3562 14.7909 000.000
15.1306 06.9085 14.6236 000.000
14.1306 06.4608 13.6571 000.000
22.0000 08.4853 08.4853 000.000
21.0000 08.4853 08.4853 000.000
20.0000 08.4853 08.4853 000.000
19.0000 08.4853 08.4853 000.000
18.0000 08.4853 08.4853 000.000
17.0000 24.0416 08.4853 000.000
16.0000 22.6274 08.4853 000.000
15.0000 21.2132 08.4853 000.000
14.0000 19.7990 08.4853 -25.370
13.2321 16.3532 07.4921 -40.000
13.1796 13.5501 06.4692 000.000
12.1796 12.5220 06.0831 000.000
11.1796 11.4939 05.6970 000.000
10.1796 10.4658 05.3109 025.370
08.8904 10.3111 05.3648 040.000
07.9356 11.2227 06.1576 040.000
07.3401 13.2972 08.0754 040.000
07.0705 18.5477 06.8446 040.000
07.1803 31.4584 05.7803 040.000
07.8738 30.7933 05.1305 040.000
09.7903 25.4531 04.8246 040.000
15.6630 15.8570 04.8770 040.000
28.7542 11.9762 05.4134 040.000
28.2856 09.8883 06.8057 000.000
27.2856 09.6954 07.0711 000.000
26.2856 09.5024 07.3364 000.000
25.2856 09.3095 07.6018 000.000
24.2856 09.1165 07.8671 -25.370
23.0976 10.0939 06.8345 -40.000
22.7956 13.1215 05.7227 000.000
21.7956 13.4870 05.4818 000.000
20.7956 13.8525 05.2408 000.000
19.7956 14.2180 04.9999 000.000
18.7956 14.5834 04.7589 000.000
17.7956 14.9489 04.5180 000.000
16.7956 15.3144 04.2770 000.000
15.7956 15.6799 04.0361 025.370
14.6132 13.2711 21.9692 040.000
13.9943 10.9514 17.0908 040.000
14.0290 09.5390 14.2642 000.000
13.0290 09.1415 13.2474 000.000
12.0290 08.7441 12.2307 000.000
11.0290 08.3466 11.2139 -25.370
09.6841 08.6146 11.1035 -40.000
08.6854 09.9686 12.1207 -40.000
08.0839 09.4845 14.3869 -40.000
07.8452 07.6794 19.9820 -40.000
08.0310 06.5427 32.7751 -40.000
08.8695 05.8637 32.0158 -40.000
11.0597 05.5640 24.0029 -40.000
17.4845 05.6600 14.7371 -40.000
30.0468 06.2886 11.0751 -40.000
29.5060 07.8516 09.1128 -40.000
20.4469 11.6397 07.8946 -40.000
12.7194 24.3485 07.0750 000.000
11.7194 26.9555 06.5187 025.370
14.0566 17.6666 06.2715 040.000
25.9637 11.9384 06.6054 040.000
24.6870 09.3353 07.6352 040.000
24.4897 07.8380 10.0132 040.000
15.3783 06.8613 16.0686 040.000
10.1357 06.1747 22.6914 000.000
09.1357 05.5655 21.8864 000.000
08.1357 04.9563 21.0814 -25.370
09.0287 04.5422 20.9841 -40.000
14.0346 04.5432 16.7968 -40.000
18.8063 04.9909 12.5764 -40.000
18.1790 06.2122 10.3387 -40.000
18.4097 09.2646 08.9728 -40.000
14.5241 16.8891 08.0788 000.000
13.5241 16.0311 07.5226 000.000
12.5241 15.1732 06.9663 000.000
11.5241 14.3152 06.4101 000.000
10.5241 13.4572 05.8539 000.000
09.5241 12.5992 05.2976 000.000
22.0000 08.4853 08.4853 000.000
21.0000 08.4853 08.4853 000.000
20.0000 08.4853 08.4853 000.000
19.0000 08.4853 08.4853 000.000
18.0000 08.4853 08.4853 000.000
17.0000 24.0416 08.4853 000.000
16.0000 22.6274 08.4853 -25.370
15.2528 18.8506 07.4921 -40.000
15.3160 15.7466 06.4692 000.000
14.3160 14.7185 06.0831 025.370
12.8547 14.9090 06.1997 040.000
11.8080 16.6990 07.1520 040.000
11.3044 20.4791 09.3795 040.000
11.3343 32.8075 10.9722 040.000
12.0364 30.7486 09.6895 040.000
13.8350 30.0880 09.0148 040.000
18.0012 12.1029 08.8708 040.000
29.8613 07.9280 09.3145 040.000
28.0498 06.1445 10.5921 000.000
27.0498 06.2336 10.5130 000.000
26.0498 06.3228 10.4338 000.000
25.0498 06.4119 10.3546 000.000
24.0498 06.5011 10.2754 000.000
23.0498 06.5903 10.1962 000.000
22.0498 06.6794 10.1171 000.000
21.0498 06.7686 10.0379 000.000
20.0498 06.8578 09.9587 000.000
19.0498 06.9469 09.8795 000.000
18.0498 07.0361 27.1356 000.000
17.0498 07.1252 25.6323 000.000
16.0498 07.2144 24.1289 000.000
15.0498 07.3036 22.6255 000.000
14.0498 07.3927 21.1221 000.000
13.0498 07.4819 19.6188 000.000
12.0498 07.5711 18.1154 000.000
11.0498 07.6602 16.6120 000.000
10.0498 07.7494 15.1086 000.000
09.0498 07.8386 13.6052 -25.370
08.3017 09.5535 14.7745 -40.000
08.0787 07.9079 20.5767 -40.000
08.2959 06.7585 34.6707 -40.000
09.1929 06.0775 33.8937 -40.000
11.5011 05.7860 23.2333 -40.000
18.2342 05.9026 14.2895 -40.000
31.9257 06.5706 10.7488 000.000
30.9257 06.4747 10.8598 000.000
29.9257 06.3788 10.9707 000.000
28.9257 06.2829 11.0817 000.000
27.9257 06.1869 11.1927 000.000
26.9257 06.0910 11.3036 000.000
25.9257 05.9951 11.4146 -25.370
25.0187 06.8203 09.9697 -40.000
25.2210 09.4578 08.5130 000.000
24.2210 10.0488 08.1911 000.000
23.2210 10.6398 07.8691 000.000
22.2210 11.2309 07.5472 000.000
21.2210 11.8219 07.2253 025.370
19.6904 09.8694 07.6039 040.000
18.7799 07.9570 09.1449 040.000
18.7412 06.7846 12.6629 000.000
17.7412 06.4609 13.2599 000.000
16.7412 06.1371 13.8570 000.000
15.7412 05.8134 14.4540 000.000
14.7412 05.4897 15.0510 000.000
13.7412 05.1660 14.9848 000.000
12.7412 04.8423 13.8943 000.000
22.0000 08.4853 08.4853 000.000
21.0000 08.4853 08.4853 000.000
20.0000 08.4853 08.4853 000.000
19.0000 08.4853 08.4853 000.000
18.0000 08.4853 08.4853 000.000
17.0000 24.0416 08.4853 000.000
16.0000 22.6274 08.4853 000.000
15.0000 21.2132 08.4853 000.000
14.0000 19.7990 08.4853 000.000
13.0000 18.3848 08.4853 -25.370
12.2217 15.1046 07.4921 -40.000
12.1114 12.4519 06.4692 000.000
11.1114 11.4238 06.0831 000.000
10.1114 10.3957 05.6970 000.000
09.1114 09.3676 05.3109 025.370
07.8666 09.1237 05.3648 040.000
06.9356 09.8085 06.1576 040.000
06.3163 11.4426 07.3256 040.000
05.9694 15.6592 05.7787 040.000
05.9262 31.4584 04.7707 040.000
06.3344 30.7933 04.1274 040.000
07.6699 28.9007 03.7796 040.000
11.9827 17.9046 03.7311 040.000
28.7542 13.4823 04.0760 040.000
28.2856 11.1247 05.1053 040.000
24.3856 09.6920 07.7826 040.000
15.4892 12.6249 26.9900 040.000
11.3449 21.1778 25.8365 040.000
08.9424 21.2050 26.0159 000.000
07.9424 20.3286 25.4781 000.000
06.9424 19.4521 24.9403 -25.370
06.6941 18.2238 23.8824 -40.000
07.4229 04.5935 23.4730 -40.000
09.4910 04.3361 24.0664 -40.000
16.5309 04.4244 25.8983 -40.000
21.2522 05.0015 12.0651 -40.000
20.9118 06.4923 10.0930 -40.000
21.5977 10.3907 08.8624 -40.000
23.6326 19.2530 08.0528 000.000
22.6326 18.4383 07.4533 000.000
21.6326 17.6236 06.8537 000.000
20.6326 16.8089 06.2542 000.000
19.6326 15.9943 05.6547 000.000
18.6326 15.1796 05.0551 025.370
16.1931 14.9206 04.6625 040.000
14.1355 15.5892 27.8552 040.000
12.8891 12.2098 19.3771 040.000
12.2519 10.0801 14.9627 000.000
11.2519 09.8871 13.7415 000.000
10.2519 09.6942 12.5202 000.000
09.2519 09.5012 11.2989 000.000
08.2519 09.3083 10.0777 -25.370
07.2589 10.3103 10.1300 -40.000
06.6278 07.7761 11.7955 -40.000
06.2842 06.1513 16.0060 -40.000
06.2601 05.1000 32.5274 -40.000
06.7074 04.4343 31.7704 -40.000
08.1089 04.0795 29.1480 -40.000
12.4724 04.0375 17.7294 -40.000
29.8012 04.4033 13.2562 -40.000
29.2586 05.4699 10.8938 -40.000
24.5039 08.1892 09.4610 -40.000
15.3413 17.5133 08.5334 -40.000
11.1494 26.8410 07.9289 000.000
10.1494 26.1379 07.2178 025.370
10.8960 25.7455 06.6378 040.000
14.6040 17.0048 06.5158 040.000
24.7710 11.5134 06.8775 040.000
23.4474 09.0113 07.9593 040.000
23.2207 07.5659 10.4382 040.000
14.8309 06.6170 16.7305 000.000
13.8309 06.1708 17.9395 000.000
12.8309 05.7247 19.1485 000.000
11.8309 05.2785 20.3575 000.000
10.8309 04.8324 19.5067 -25.370
14.6018 04.7268 16.4581 -40.000
16.7897 05.2043 12.3295 -40.000
16.1469 06.4818 10.1371 -40.000
16.2613 09.6551 08.7955 000.000
15.2613 10.5056 08.4094 000.000
14.2613 11.3561 08.0233 000.000
13.2613 12.2066 07.6372 000.000
22.0000 08.4853 08.4853 000.000
21.0000 08.4853 08.4853 000.000
20.0000 08.4853 08.4853 000.000
19.0000 08.4853 08.4853 000.000
18.0000 08.4853 08.4853 000.000
17.0000 24.0416 08.4853 000.000
16.0000 22.6274 08.4853 000.000
15.0000 21.2132 08.4853 000.000
14.0000 19.7990 08.4853 000.000
13.0000 18.3848 08.4853 000.000
12.0000 16.9706 08.4853 000.000
11.0000 15.5563 08.4853 025.370
10.2010 16.8592 10.0189 040.000
09.9750 32.8265 10.2555 040.000
10.2743 30.2880 08.8152 040.000
11.3482 29.2050 07.9785 040.000
13.9230 20.7426 07.6263 040.000
29.7964 11.7272 07.7618 040.000
27.5311 08.6031 08.5262 040.000
26.6268 06.9784 10.3352 040.000
17.8225 05.9549 14.4312 000.000
16.8225 05.6208 28.0545 000.000
15.8225 05.2867 26.9744 000.000
14.8225 04.9525 25.8943 000.000
13.8225 04.6184 24.8142 000.000
12.8225 04.2843 23.7342 -25.370
20.3792 04.3551 24.8883 -40.000
19.4069 05.1247 29.1758 -40.000
19.3356 07.0606 09.8000 -40.000
20.2662 12.6056 08.7185 000.000
19.2662 14.2316 08.2257 000.000
18.2662 15.8575 07.7329 000.000
17.2662 15.9094 07.2401 000.000
16.2662 14.9880 06.7473 000.000
15.2662 14.0666 35.5123 025.370
13.4717 13.9826 29.8872 040.000
12.0495 11.0225 19.6464 040.000
11.2252 08.9037 14.6410 000.000
10.2252 08.7938 13.3367 000.000
09.2252 08.6839 12.0324 -25.370
08.3068 09.8772 12.4882 -40.000
07.8218 08.6262 15.4135 -40.000
07.7004 07.0953 23.4103 -40.000
08.0428 06.1336 32.9277 -40.000
09.1681 05.5852 32.6375 -40.000
12.1129 05.4043 20.0166 -40.000
22.1666 05.6394 13.4473 -40.000
30.2743 06.4847 10.4859 -40.000
30.2098 08.5043 08.8040 -40.000
17.3220 13.7186 07.7285 -40.000
11.4839 28.3320 06.9960 -40.000
08.5069 27.5379 06.4875 000.000
07.5069 26.8863 05.7249 000.000
06.5069 26.2347 04.9623 025.370
06.4575 25.6214 04.2691 040.000
07.7678 26.0111 03.9079 040.000
11.8930 18.0754 03.8499 040.000
23.6490 13.5083 04.1854 040.000
23.0590 11.0997 05.1945 040.000
23.5690 09.6421 07.7903 040.000
15.6445 08.7020 16.7230 040.000
11.3813 08.0938 20.7048 040.000
08.9309 07.7383 20.6717 000.000
07.9309 06.8718 20.1239 000.000
06.9309 06.0053 19.5762 -25.370
06.7010 05.1103 18.6717 -40.000
07.4775 04.5553 18.2896 -40.000
09.6757 04.3170 18.6599 -40.000
17.2099 04.4281 15.3394 -40.000
16.0620 05.0420 11.9286 -40.000
15.6596 06.6123 10.0153 -40.000
16.0184 10.7720 08.8158 -40.000
13.1744 13.9841 08.0259 000.000
12.1744 13.1791 07.4167 000.000
11.1744 12.3741 06.8075 000.000
08.4853 22.0000 06.0000 000.000
09.9745 21.9171 05.5648 000.000
14.2126 22.8230 05.5148 040.000
20.3012 25.0394 05.9284 040.000
19.3765 09.7412 07.0842 040.000
19.3439 08.3202 09.7991 039.781
18.7081 07.7716 11.6284 010.000
17.0352 38.4105 08.7562 -36.629
16.2127 36.7069 09.7620 010.000
15.4357 35.1829 11.1088 010.000
14.7009 33.8104 12.9184 010.000
14.0053 32.5669 14.2160 010.000
13.3466 31.4341 12.9125 000.000
12.7232 30.3973 11.7294 010.000
12.1338 29.4441 10.6521 010.000
11.5779 28.5645 09.6686 010.000
11.0553 27.7500 08.7690 010.000
10.5671 26.9934 07.9452 010.000
11.8930 26.5945 07.3630 033.911
28.6361 15.7426 07.2297 038.904
25.8064 10.5779 07.6041 039.358
24.3254 08.3224 08.6465 000.000
23.3367 07.8944 09.1136 010.000
22.8278 09.8372 07.7275 -35.100
21.7368 07.9792 09.0391 037.000
21.0973 09.7065 07.7285 -32.325
20.1221 07.9293 09.1399 036.992
19.4317 09.6552 07.7187 -34.361
18.5198 07.9141 24.4535 037.068
17.7813 09.5904 07.7279 -34.715
16.9171 07.8890 22.1094 036.997
16.1460 09.5324 25.7103 -35.194
15.0888 09.0661 22.5461 010.000
14.0839 08.6049 19.8301 010.000
13.1245 08.1451 17.4704 010.000
12.2042 07.6837 15.3988 010.000
11.3659 09.2129 17.5371 -37.320
10.3485 08.7553 15.0154 010.000
09.3657 08.3000 12.8269 010.000
08.4108 07.8439 10.9051 010.000
07.6120 09.4726 12.0469 -35.857
06.9255 07.7237 13.3811 -27.760
06.6998 06.2423 19.6524 -40.000
06.8534 05.2913 33.5447 -40.000
07.6228 04.7166 33.1701 -40.000
09.5293 04.4331 24.1147 -37.705
16.2379 04.5123 15.6925 -40.000
30.8665 05.0777 12.0647 -40.000
30.6553 06.5402 10.0632 -40.000
20.6600 10.3198 08.8174 -40.000
22.7616 09.9447 08.6091 010.000
25.9316 09.5706 08.4791 010.000
27.3135 09.1949 08.4337 010.000
26.0131 08.8160 08.4814 010.000
24.8140 08.4324 08.6339 010.000
23.7057 08.0427 08.9067 010.000
22.6794 07.6457 09.3207 010.000
22.3652 09.8709 07.8876 -37.567
21.0892 07.9773 08.9810 035.219
20.6291 09.9929 07.7423 -32.459
19.4592 08.0386 08.9395 036.882
18.5138 07.6071 09.5264 010.000
17.8602 09.4245 07.9253 -37.796
16.8898 07.8014 09.2629 034.462
16.2447 09.6663 07.7784 -36.341
15.2899 07.9007 09.1555 036.566
14.5979 09.6975 07.7254 -34.985
13.6865 07.9270 09.1488 037.016
12.9456 09.6422 07.7200 -34.420
06.2418 12.3760 06.1880 000.000
05.9822 18.3945 05.4933 040.000
06.0579 21.4841 04.6023 000.000
06.6800 21.1366 04.0498 040.000
08.5557 21.6839 03.7892 040.000
14.8863 23.2373 03.8235 038.584
18.8531 26.5972 04.3158 040.000
18.5071 10.6350 05.6488 040.000
19.0698 09.3677 09.2385 040.000
18.6094 08.7564 12.3599 010.000
18.2139 08.1429 16.0328 010.000
17.8871 07.5230 14.9788 010.000
15.2614 33.4659 13.2753 -38.232
14.6552 32.3405 13.9365 010.000
14.0913 31.3117 12.7665 010.000
13.5699 30.3678 11.7034 010.000
13.0918 29.4987 10.7355 010.000
12.6592 28.6964 09.8534 010.000
12.2754 27.9541 09.0493 010.000
11.9457 27.2659 08.3168 010.000
11.6775 26.6272 07.6508 010.000
14.6322 17.8219 07.3957 037.536
26.4333 11.2301 07.6236 038.780
24.6216 08.6025 08.4538 037.701
23.5506 08.1875 08.7729 010.000
22.5591 07.7683 09.2423 010.000
22.0939 09.7966 07.7981 -36.659
20.9634 07.9475 09.0523 036.374
20.4021 09.8383 07.7153 -33.838
19.3549 07.9830 09.0404 037.093
18.6747 09.6749 07.7343 -32.016
17.7364 07.9161 23.6104 036.947
17.0215 09.6352 07.7234 -34.673
16.1332 07.9056 21.2484 037.031
15.3788 09.5767 24.6799 -34.890
14.3195 09.1102 21.5519 010.000
13.3105 08.6492 18.8688 010.000
12.3447 08.1899 16.5386 010.000
11.4158 07.7293 14.4930 010.000
10.5902 09.2831 16.4343 -36.986
09.5723 08.8233 13.9638 010.000
08.5867 08.3665 11.8198 010.000
07.6267 07.9092 09.9363 010.000
06.8194 08.7151 10.7950 -34.818
06.3457 06.7285 13.4701 -40.000
06.1636 05.4588 21.6198 -40.000
06.3583 04.6371 33.3213 -40.000
07.2106 04.1469 33.3468 -40.000
09.6302 03.9480 21.5799 -39.417
19.6149 04.0981 15.0185 -40.000
30.7094 04.7687 11.9023 -40.000
30.9562 06.4889 10.1090 -40.000
18.6519 11.3379 08.9753 -40.000
19.9381 10.8700 08.6764 010.000
21.8331 10.4318 08.4502 010.000
24.6813 10.0105 08.3004 010.000
26.3197 09.5987 08.2329 010.000
25.0156 09.1913 08.2557 010.000
23.8105 08.7850 08.3795 010.000
22.6937 08.3770 08.6190 010.000
21.6564 07.9652 08.9935 010.000
21.2242 10.0225 07.7343 -33.142
20.0338 08.0526 08.9231 036.947
19.0872 07.6214 09.5031 010.000
18.4444 09.4493 07.9127 -37.713
17.4670 07.8077 09.2550 034.745
16.8275 09.6722 07.7744 -36.275
15.8672 07.9039 09.1523 036.604
15.1787 09.6970 07.7242 -34.924
14.2639 07.9272 09.1496 037.025
13.5256 09.6398 07.7201 -34.415
12.6569 07.9083 09.2041 037.057
22.0000 08.4853 08.4853 000.000
21.0505 08.0337 09.0227 010.000
20.1672 07.5795 09.7592 010.000
19.3280 09.1404 08.0034 -37.947
18.2777 25.0299 08.3018 010.000
17.2892 41.3588 08.7466 010.000
16.3557 39.2312 09.3686 010.000
15.4714 37.3570 10.2108 010.000
14.6314 35.6915 11.3335 010.000
13.8312 34.1999 12.8239 010.000
13.0670 32.8548 13.9403 010.000
12.3354 31.6342 12.5414 010.000
11.6333 30.5204 11.2733 010.000
10.9583 29.4989 10.1190 010.000
10.3079 28.5578 09.0643 010.000
09.6801 27.6871 08.0977 010.000
09.0732 26.8785 07.2096 010.000
10.2189 26.3069 06.5725 039.421
13.1304 19.7277 06.3503 040.000
25.8224 12.6303 06.5780 040.000
24.2197 09.6576 07.4375 040.000
23.7230 08.0478 09.3635 038.612
22.9945 07.5505 10.4988 010.000
21.6738 08.6626 08.3048 -38.098
20.7393 08.1963 08.8643 010.000
19.8694 07.7289 09.6293 010.000
18.9636 09.2103 07.9018 -36.989
18.2244 07.7334 23.0206 034.965
17.3615 09.2597 07.8833 -36.954
16.5908 07.7473 21.1094 035.291
15.7573 09.3089 24.4996 -36.840
14.7201 08.8482 21.5117 010.000
13.7326 08.3906 18.9352 010.000
12.7883 07.9329 16.6876 010.000
11.9865 09.5229 18.9537 -34.269
10.9530 09.0547 16.2602 010.000
09.9576 08.5916 13.9348 010.000
08.9934 08.1299 11.9021 010.000
08.0541 07.6666 10.1059 010.000
07.1795 08.9839 10.8084 -33.889
06.5838 07.3563 12.6801 -36.411
06.3247 05.9036 18.4456 -40.000
06.4157 04.9635 33.5949 -40.000
07.0677 04.3843 33.2059 -40.000
08.9519 04.1103 24.5427 -39.826
15.3738 04.1664 16.1045 -39.877
30.9208 04.6870 12.4160 -40.000
30.7582 06.0669 10.3762 -40.000
21.0594 09.6926 09.1095 -40.000
23.1550 09.4036 08.8984 010.000
26.2930 09.0947 08.7663 010.000
27.4294 08.7702 08.7193 010.000
26.1163 08.4322 08.7659 010.000
24.9059 08.0820 08.9176 010.000
23.7873 07.7202 09.1898 010.000
23.7978 10.4083 07.8944 -37.057
22.2140 08.2223 08.7574 035.100
21.1702 07.8232 09.1256 010.000
20.8463 10.1038 07.7841 -36.105
19.5765 08.0782 08.8811 036.513
18.6045 07.6567 09.3993 010.000
18.0368 09.6093 07.8765 -37.498
17.0001 07.8661 09.1522 035.399
16.3996 09.8043 07.7399 -35.556
15.4007 07.9631 09.0602 036.901
14.7118 09.7355 07.7167 -33.242
13.7865 07.9436 09.1192 037.083
13.0494 09.6584 07.7165 -33.962