22.000 8.485 8.485 1.000
21.002 8.388 8.388 0.557
20.004 8.320 8.320 0.074
19.004 8.287 8.287 -0.411
18.002 8.299 8.299 -0.863
17.001 24.143 24.143 21.716
16.602 6.885 6.885 -7.854
15.314 36.558 36.558 14.238
14.948 32.930 32.930 16.145
15.207 30.336 30.336 18.488
16.614 4.763 4.763 -11.920
14.050 28.660 28.660 20.479
16.054 27.605 27.605 21.221
30.711 6.196 6.196 -2.679
30.246 8.888 8.888 -0.035
29.253 10.959 10.959 2.491
27.788 11.694 11.694 4.078
26.134 11.551 11.551 4.744
24.507 11.132 11.132 4.824
22.997 10.704 10.704 4.576
21.614 10.344 10.344 4.146
20.343 10.062 10.062 3.617
19.160 9.852 9.852 3.035
18.041 9.705 9.705 2.430
16.967 9.615 9.615 1.826
15.924 9.579 9.579 -17.605
15.670 13.502 13.502 -14.732
15.827 14.568 14.568 11.835
13.956 14.396 14.396 -14.786
14.083 12.599 12.599 -16.756
15.092 11.375 11.375 -17.465
17.575 10.731 10.731 2.143
16.054 10.090 10.090 -9.506
17.597 9.647 9.647 -1.733
17.147 9.142 9.142 -4.492
17.702 8.735 8.735 -4.273
18.436 8.379 8.379 -4.000
19.360 8.068 8.068 -3.660
20.465 7.796 7.796 -3.291
21.740 7.554 7.554 -2.933
23.182 7.339 7.339 -2.621
23.678 7.146 7.146 -2.688
22.510 6.991 6.991 -3.241
21.347 6.905 6.905 -3.685
20.209 6.896 6.896 -3.990
19.109 6.976 6.976 -4.132
18.052 7.150 7.150 -4.094
17.038 7.423 7.423 -3.868
16.059 7.788 7.788 -3.465
15.103 8.233 8.233 -2.917
14.155 8.730 8.730 -2.283
13.204 9.247 9.247 -1.642
