0.000 0.000 22.000 8.485 8.485 1.000
0.000 1.000 21.002 8.388 8.388 0.557
0.012 2.000 20.004 8.320 8.320 0.074
0.030 3.000 19.004 8.287 8.287 -0.411
0.049 3.999 18.002 8.299 8.299 -0.863
0.063 4.999 17.001 24.143 24.143 21.716
0.067 5.928 16.602 6.885 6.885 -7.854
0.315 6.887 15.314 36.558 36.558 14.238
0.472 7.844 14.948 32.930 32.930 16.145
0.780 8.753 15.207 30.336 30.336 18.488
1.246 9.580 16.614 4.763 4.763 -11.920
1.896 10.311 14.050 28.660 28.660 20.479
2.415 11.090 16.054 27.605 27.605 21.221
3.099 11.724 30.711 6.196 6.196 -2.679
3.974 12.206 30.246 8.888 8.888 -0.035
4.835 12.715 29.253 10.959 10.959 2.491
5.694 13.225 27.788 11.694 11.694 4.078
6.567 13.708 26.134 11.551 11.551 4.744
7.460 14.149 24.507 11.132 11.132 4.824
8.377 14.541 22.997 10.704 10.704 4.576
9.314 14.880 21.614 10.344 10.344 4.146
10.269 15.169 20.343 10.062 10.062 3.617
11.236 15.412 19.160 9.852 9.852 3.035
12.214 15.614 18.041 9.705 9.705 2.430
13.199 15.782 16.967 9.615 9.615 1.826
14.189 15.921 15.924 9.579 9.579 -17.605
15.135 16.035 15.670 13.502 13.502 -14.732
16.053 16.341 15.827 14.568 14.568 11.835
16.915 16.803 13.956 14.396 14.396 -14.786
17.822 17.140 14.083 12.599 12.599 -16.756
18.650 17.621 15.092 11.375 11.375 -17.465
19.367 18.249 17.575 10.731 10.731 2.143
19.972 19.045 16.054 10.090 10.090 -9.506
20.588 19.815 17.597 9.647 9.647 -1.733
21.122 20.660 17.147 9.142 9.142 -4.492
21.639 21.513 17.702 8.735 8.735 -4.273
22.110 22.392 18.436 8.379 8.379 -4.000
22.537 23.293 19.360 8.068 8.068 -3.660
22.921 24.214 20.465 7.796 7.796 -3.291
23.267 25.151 21.740 7.554 7.554 -2.933
23.576 26.100 23.182 7.339 7.339 -2.621
23.853 27.060 23.678 7.146 7.146 -2.688
24.100 28.028 22.510 6.991 6.991 -3.241
24.317 29.003 21.347 6.905 6.905 -3.685
24.497 29.984 20.209 6.896 6.896 -3.990
24.635 30.972 19.109 6.976 6.976 -4.132
24.727 31.965 18.052 7.150 7.150 -4.094
24.770 32.962 17.038 7.423 7.423 -3.868
24.767 33.959 16.059 7.788 7.788 -3.465
24.718 34.956 15.103 8.233 8.233 -2.917
24.630 35.951 14.155 8.730 8.730 -2.283
24.507 36.943 13.204 9.247 9.247 -1.642
